2020-01-10T05:21:39.410	23725.0	23725.0	2118.0	23730.0	157.0
2020-01-10T05:17:17.900	23735.0	23730.0	390.0	23735.0	156.0
2020-01-10T05:10:44.839	23725.0	23725.0	132.0	23730.0	974.0
2020-01-10T05:06:50.960	23730.0	23730.0	473.0	23735.0	226.0
2020-01-10T05:01:50.552	23735.0	23735.0	655.0	23740.0	200.0
2020-01-10T04:44:57.889	23745.0	23740.0	593.0	23745.0	1611.0
2020-01-10T04:43:01.681	23755.0	23750.0	277.0	23755.0	246.0
2020-01-10T04:39:03.017	23750.0	23745.0	1036.0	23750.0	1737.0
2020-01-10T04:38:41.290	23745.0	23740.0	29.0	23745.0	275.0
2020-01-10T04:34:22.846	23740.0	23735.0	146.0	23740.0	513.0
2020-01-10T04:33:24.529	23735.0	23730.0	45.0	23735.0	215.0
2020-01-10T04:27:10.434	23730.0	23725.0	285.0	23730.0	681.0
2020-01-10T04:13:27.418	23725.0	23720.0	678.0	23725.0	394.0
2020-01-10T04:10:40.710	23715.0	23715.0	27.0	23720.0	77.0
2020-01-10T04:08:18.791	23725.0	23720.0	73.0	23725.0	65.0
2020-01-10T04:05:58.550	23715.0	23715.0	101.0	23720.0	233.0
2020-01-10T04:02:02.099	23725.0	23720.0	202.0	23725.0	180.0
2020-01-10T04:00:48.615	23715.0	23715.0	166.0	23720.0	63.0
2020-01-10T04:00:21.310	23725.0	23720.0	41.0	23725.0	20.0
2020-01-10T03:53:52.232	23720.0	23715.0	439.0	23720.0	777.0
2020-01-10T03:53:16.799	23710.0	23710.0	406.0	23715.0	388.0
2020-01-10T03:52:21.332	23720.0	23715.0	151.0	23720.0	39.0
2020-01-10T03:50:37.081	23730.0	23725.0	754.0	23730.0	2079.0
2020-01-10T03:45:13.965	23725.0	23720.0	396.0	23725.0	489.0
2020-01-10T03:39:22.058	23715.0	23715.0	277.0	23720.0	723.0
2020-01-10T03:38:17.182	23705.0	23705.0	106.0	23710.0	71.0
2020-01-10T03:28:56.842	23710.0	23710.0	494.0	23715.0	813.0
2020-01-10T03:27:16.055	23700.0	23700.0	216.0	23705.0	66.0
2020-01-10T03:26:04.245	23690.0	23690.0	220.0	23695.0	4.0
2020-01-10T03:25:54.800	23700.0	23695.0	12.0	23700.0	35.0
2020-01-10T03:24:10.558	23695.0	23690.0	211.0	23695.0	305.0
2020-01-10T03:23:44.797	23705.0	23700.0	43.0	23705.0	34.0
2020-01-10T03:22:45.152	23695.0	23695.0	87.0	23700.0	118.0
2020-01-10T03:22:19.361	23700.0	23700.0	70.0	23705.0	69.0
2020-01-10T03:21:56.227	23705.0	23705.0	346.0	23710.0	27.0
2020-01-10T03:21:01.617	23700.0	23695.0	129.0	23700.0	463.0
2020-01-10T03:20:36.980	23690.0	23690.0	109.0	23695.0	89.0
2020-01-10T03:20:16.220	23700.0	23695.0	121.0	23700.0	444.0
2020-01-10T03:19:57.397	23690.0	23690.0	381.0	23695.0	105.0
2020-01-10T03:19:39.809	23695.0	23695.0	801.0	23700.0	222.0
2020-01-10T03:19:37.065	23685.0	23685.0	614.0
2020-01-10T03:19:34.282	23690.0	23690.0	941.0	23695.0	175.0
2020-01-10T03:19:20.673	23710.0	23705.0	216.0	23710.0	116.0
2020-01-10T03:18:15.867	23720.0	23715.0	99.0	23720.0	115.0
2020-01-10T03:11:13.178	23715.0	23710.0	384.0	23715.0	821.0
2020-01-10T03:09:52.280	23705.0	23705.0	223.0	23710.0	160.0
2020-01-10T03:08:32.456	23710.0	23710.0	45.0	23715.0	18.0
2020-01-10T03:04:40.922	23720.0	23715.0	395.0	23720.0	245.0
2020-01-10T03:02:30.799	23715.0	23710.0	12.0	23715.0	251.0
2020-01-10T03:01:50.484	23705.0	23705.0	423.0	23710.0	362.0
2020-01-10T02:57:47.942	23715.0	23715.0	464.0	23720.0	399.0
2020-01-10T02:57:03.196	23705.0	23705.0	15.0	23710.0	41.0
2020-01-10T02:50:12.303	23710.0	23710.0	1433.0	23715.0	443.0
2020-01-10T02:46:28.810	23700.0	23700.0	1057.0	23705.0	364.0
2020-01-10T02:46:01.599	23690.0	23690.0	33.0	23695.0	264.0
2020-01-10T02:45:38.600	23700.0	23695.0	279.0	23700.0	117.0
2020-01-10T02:43:19.149	23690.0	23690.0	563.0	23695.0	339.0
2020-01-10T02:42:45.732	23695.0	23695.0	652.0	23700.0	86.0
2020-01-10T02:42:04.086	23705.0	23700.0	48.0	23705.0	55.0
2020-01-10T02:41:41.001	23695.0	23695.0	95.0	23700.0	50.0
2020-01-10T02:41:24.718	23705.0	23700.0	29.0	23705.0	77.0
2020-01-10T02:40:03.111	23700.0	23695.0	615.0	23700.0	282.0
2020-01-10T02:36:21.172	23710.0	23705.0	516.0	23710.0	454.0
2020-01-10T02:34:56.498	23705.0	23700.0	222.0	23705.0	635.0
2020-01-10T02:34:34.726	23700.0	23695.0	531.0	23700.0	855.0
2020-01-10T02:33:09.555	23710.0	23705.0	302.0	23710.0	486.0
2020-01-10T02:31:23.577	23720.0	23715.0	490.0	23720.0	21.0
2020-01-10T02:27:35.646	23710.0	23710.0	549.0	23715.0	512.0
2020-01-10T02:23:41.145	23715.0	23715.0	896.0	23720.0	737.0
2020-01-10T02:22:39.139	23725.0	23720.0	599.0	23725.0	263.0
2020-01-10T02:20:09.476	23735.0	23730.0	429.0	23735.0	738.0
2020-01-10T02:18:48.635	23745.0	23740.0	77.0	23745.0	32.0
2020-01-10T02:13:00.047	23735.0	23735.0	305.0	23740.0	602.0
2020-01-10T02:10:59.784	23740.0	23740.0	90.0	23745.0	19.0
2020-01-10T02:07:16.653	23745.0	23745.0	764.0	23750.0	97.0
2020-01-10T02:01:02.839	23755.0	23750.0	1061.0	23755.0	296.0
2020-01-10T01:57:59.070	23745.0	23745.0	758.0	23750.0	605.0
2020-01-10T01:56:58.619	23735.0	23735.0	521.0	23740.0	545.0
2020-01-10T01:56:32.719	23745.0	23740.0	168.0	23745.0	418.0
2020-01-10T01:56:12.339	23750.0	23750.0	3785.0	23755.0	507.0
2020-01-10T01:54:53.687	23760.0	23760.0	4.0	23765.0	242.0
2020-01-10T01:47:17.242	23765.0	23765.0	877.0	23770.0	722.0
2020-01-10T01:46:13.623	23755.0	23755.0	89.0	23760.0	25.0
2020-01-10T01:37:36.733	23765.0	23760.0	1074.0	23765.0	1025.0
2020-01-10T01:35:49.089	23755.0	23755.0	202.0	23760.0	42.0
2020-01-10T01:34:25.058	23745.0	23745.0	104.0	23750.0	519.0
2020-01-10T01:32:30.641	23755.0	23750.0	673.0	23755.0	278.0
2020-01-10T01:29:41.404	23750.0	23745.0	91.0	23750.0	983.0
2020-01-10T01:28:11.613	23740.0	23740.0	236.0	23745.0	893.0
2020-01-10T01:25:40.557	23745.0	23745.0	1219.0	23750.0	204.0
2020-01-10T01:23:50.912	23750.0	23750.0	744.0	23755.0	295.0
2020-01-10T01:22:39.774	23755.0	23755.0	291.0	23760.0	294.0
2020-01-10T01:20:39.341	23765.0	23760.0	165.0	23765.0	66.0
2020-01-10T01:17:48.803	23760.0	23755.0	217.0	23760.0	445.0
2020-01-10T01:13:52.873	23750.0	23750.0	366.0	23755.0	520.0
2020-01-10T01:12:33.457	23760.0	23755.0	220.0	23760.0	287.0
2020-01-10T01:07:54.594	23755.0	23750.0	325.0	23755.0	1207.0
2020-01-10T01:00:54.252	23765.0	23760.0	1226.0	23765.0	972.0
2020-01-10T00:52:52.556	23770.0	23770.0	1367.0	23775.0	1347.0
2020-01-10T00:50:27.788	23780.0	23775.0	1684.0	23780.0	1566.0
2020-01-10T00:50:11.400	23775.0	23770.0	118.0	23775.0	744.0
2020-01-10T00:49:44.079	23770.0	23765.0	54.0	23770.0	1067.0
2020-01-10T00:48:42.081	23765.0	23760.0	41.0	23765.0	365.0
2020-01-10T00:46:49.497	23755.0	23755.0	326.0	23760.0	618.0
2020-01-10T00:45:17.431	23765.0	23760.0	85.0	23765.0	384.0
2020-01-10T00:42:28.018	23755.0	23755.0	787.0	23760.0	482.0
2020-01-10T00:40:25.239	23765.0	23760.0	592.0	23765.0	592.0
2020-01-10T00:39:23.335	23760.0	23755.0	482.0	23760.0	623.0
2020-01-10T00:38:35.620	23755.0	23750.0	349.0	23755.0	1345.0
2020-01-10T00:37:38.139	23745.0	23745.0	93.0	23750.0	565.0
2020-01-10T00:35:55.807	23735.0	23735.0	314.0	23740.0	389.0
2020-01-10T00:30:17.245	23745.0	23740.0	1129.0	23745.0	817.0
2020-01-10T00:27:41.729	23740.0	23735.0	35.0	23740.0	757.0
2020-01-10T00:26:27.626	23730.0	23730.0	110.0	23735.0	255.0
2020-01-10T00:24:03.179	23735.0	23735.0	1196.0	23740.0	249.0
2020-01-10T00:21:51.182	23745.0	23740.0	748.0	23745.0	1343.0
2020-01-10T00:17:08.463	23735.0	23735.0	660.0	23740.0	418.0
2020-01-10T00:16:39.685	23730.0	23725.0	146.0	23730.0	851.0
2020-01-10T00:15:56.330	23725.0	23720.0	70.0	23725.0	135.0
2020-01-10T00:15:44.156	23715.0	23715.0	385.0	23720.0	265.0
2020-01-10T00:14:47.051	23725.0	23720.0	101.0	23725.0	122.0
2020-01-10T00:14:29.309	23715.0	23715.0	41.0	23720.0	224.0
2020-01-10T00:13:26.407	23720.0	23720.0	278.0	23725.0	129.0
2020-01-10T00:10:47.025	23730.0	23725.0	744.0	23730.0	734.0
2020-01-10T00:10:23.987	23725.0	23720.0	10.0	23725.0	128.0
2020-01-10T00:06:04.555	23715.0	23715.0	439.0	23720.0	956.0
2020-01-10T00:04:33.702	23725.0	23720.0	455.0	23725.0	207.0
2020-01-10T00:03:48.964	23715.0	23715.0	66.0	23720.0	118.0
2020-01-10T00:03:30.008	23725.0	23720.0	16.0	23725.0	144.0
2020-01-10T00:02:45.400	23720.0	23715.0	315.0	23720.0	388.0
2020-01-10T00:01:04.012	23710.0	23710.0	851.0	23715.0	1108.0
2020-01-10T00:00:25.910	23720.0	23715.0	229.0	23720.0	411.0
2020-01-09T23:59:42.134	23730.0	23725.0	230.0	23730.0	711.0
2020-01-09T23:59:01.182	23720.0	23720.0	211.0	23725.0	236.0
2020-01-09T23:58:03.989	23725.0	23725.0	337.0	23730.0	22.0
2020-01-09T23:57:56.715	23715.0	23715.0	87.0	23720.0	234.0
2020-01-09T23:57:36.395	23725.0	23720.0	310.0	23725.0	84.0
2020-01-09T23:56:33.933	23730.0	23730.0	612.0	23735.0	256.0
2020-01-09T23:52:58.455	23740.0	23735.0	1297.0	23740.0	1122.0
2020-01-09T23:51:44.374	23735.0	23730.0	100.0	23735.0	302.0
2020-01-09T23:50:34.491	23725.0	23725.0	79.0	23730.0	511.0
2020-01-09T23:49:54.532	23735.0	23730.0	174.0	23735.0	175.0
2020-01-09T23:49:30.056	23730.0	23725.0	3.0	23730.0	728.0
2020-01-09T23:48:06.842	23720.0	23720.0	769.0	23725.0	1015.0
2020-01-09T23:47:38.561	23715.0	23710.0	123.0	23715.0	269.0
2020-01-09T23:47:21.966	23710.0	23705.0	1630.0	23710.0	721.0
2020-01-09T23:46:11.524	23720.0	23715.0	556.0	23720.0	1145.0
2020-01-09T23:45:48.366	23730.0	23725.0	38.0	23730.0	256.0
2020-01-09T23:45:19.851	23725.0	23720.0	41.0	23725.0	215.0
2020-01-09T23:45:03.913	23715.0	23715.0	154.0	23720.0	406.0
2020-01-09T23:44:38.623	23725.0	23720.0	698.0	23725.0	165.0
2020-01-09T23:42:32.019	23735.0	23730.0	742.0	23735.0	379.0
2020-01-09T23:41:11.615	23730.0	23725.0	271.0	23730.0	1024.0
2020-01-09T23:40:31.146	23740.0	23735.0	532.0	23740.0	228.0
2020-01-09T23:38:35.386	23745.0	23745.0	926.0	23750.0	492.0
2020-01-09T23:38:04.014	23755.0	23750.0	392.0	23755.0	647.0
2020-01-09T23:37:55.785	23745.0	23745.0	122.0	23750.0	101.0
2020-01-09T23:37:33.927	23740.0	23735.0	82.0	23740.0	202.0
2020-01-09T23:36:51.864	23730.0	23730.0	774.0	23735.0	339.0
2020-01-09T23:35:47.832	23725.0	23720.0	1029.0	23725.0	2097.0
2020-01-09T23:35:40.992	23735.0	23730.0	183.0	23735.0	406.0
2020-01-09T23:35:01.497	23740.0	23740.0	95.0	23745.0	231.0
2020-01-09T23:34:22.857	23745.0	23745.0	836.0	23750.0	210.0
2020-01-09T23:33:43.624	23755.0	23750.0	717.0	23755.0	398.0
2020-01-09T23:33:32.577	23750.0	23745.0	82.0	23750.0	81.0
2020-01-09T23:33:06.517	23740.0	23740.0	326.0	23745.0	192.0
2020-01-09T23:32:43.390	23745.0	23745.0	107.0	23750.0	149.0
2020-01-09T23:32:21.712	23755.0	23750.0	236.0	23755.0	326.0
2020-01-09T23:31:51.647	23750.0	23745.0	247.0	23750.0	298.0
2020-01-09T23:31:36.711	23740.0	23740.0	280.0	23745.0	104.0
2020-01-09T23:31:23.180	23745.0	23745.0	356.0	23750.0	84.0
2020-01-09T23:31:09.638	23750.0	23750.0	270.0	23755.0	223.0
2020-01-09T23:30:56.090	23760.0	23755.0	557.0	23760.0	215.0
2020-01-09T23:30:27.528	23750.0	23750.0	434.0	23755.0	412.0
2020-01-09T23:30:11.260	23740.0	23740.0	359.0	23745.0	98.0
2020-01-09T23:27:57.279	23750.0	23745.0	741.0	23750.0	979.0
2020-01-09T23:20:14.312	23745.0	23740.0	533.0	23745.0	970.0
2020-01-09T23:14:45.086	23735.0	23735.0	828.0	23740.0	593.0
2020-01-09T23:05:39.383	23740.0	23740.0	937.0	23745.0	954.0
2020-01-09T23:02:56.887	23750.0	23745.0	437.0	23750.0	61.0
2020-01-09T22:58:14.210	23740.0	23740.0	671.0	23745.0	611.0
2020-01-09T22:48:23.249	23745.0	23745.0	1378.0	23750.0	978.0
2020-01-09T22:41:16.099	23740.0	23735.0	627.0	23740.0	819.0
2020-01-09T22:38:48.122	23730.0	23730.0	276.0	23735.0	284.0
2020-01-09T22:37:25.095	23740.0	23735.0	157.0	23740.0	75.0
2020-01-09T22:35:59.421	23735.0	23730.0	192.0	23735.0	1307.0
2020-01-09T22:25:44.559	23730.0	23725.0	897.0	23730.0	1677.0
2020-01-09T22:18:12.054	23720.0	23720.0	524.0	23725.0	709.0
2020-01-09T22:14:31.911	23730.0	23725.0	564.0	23730.0	358.0
2020-01-09T22:09:25.378	23720.0	23720.0	228.0	23725.0	293.0
2020-01-09T22:04:41.403	23730.0	23725.0	744.0	23730.0	224.0
2020-01-09T22:03:24.213	23720.0	23720.0	262.0	23725.0	337.0
2020-01-09T22:01:26.215	23725.0	23725.0	548.0	23730.0	501.0
2020-01-09T21:59:58.244	23715.0	23715.0	113.0	23720.0	428.0
2020-01-09T21:57:52.522	23725.0	23720.0	593.0	23725.0	122.0
2020-01-09T21:55:57.645	23720.0	23715.0	53.0	23720.0	796.0
2020-01-09T21:55:08.475	23710.0	23710.0	394.0	23715.0	439.0
2020-01-09T21:53:14.749	23715.0	23715.0	242.0	23720.0	595.0
2020-01-09T21:52:07.766	23725.0	23720.0	337.0	23725.0	83.0
2020-01-09T21:51:29.282	23715.0	23715.0	486.0	23720.0	662.0
2020-01-09T21:50:01.648	23720.0	23720.0	937.0	23725.0	730.0
2020-01-09T21:48:09.026	23725.0	23725.0	853.0	23730.0	56.0
2020-01-09T21:47:24.200	23730.0	23730.0	253.0	23735.0	446.0
2020-01-09T21:46:48.249	23735.0	23735.0	207.0	23740.0	65.0
2020-01-09T21:45:59.879	23745.0	23740.0	8.0	23745.0	305.0
2020-01-09T21:43:44.664	23735.0	23735.0	217.0	23740.0	161.0
2020-01-09T21:39:18.621	23745.0	23740.0	580.0	23745.0	223.0
2020-01-09T21:35:10.285	23740.0	23735.0	934.0	23740.0	354.0
2020-01-09T21:32:34.733	23735.0	23730.0	179.0	23735.0	486.0
2020-01-09T21:31:55.191	23730.0	23725.0	293.0	23730.0	318.0
2020-01-09T21:31:02.125	23740.0	23735.0	444.0	23740.0	16.0
2020-01-09T21:30:41.498	23735.0	23730.0	109.0	23735.0	634.0
2020-01-09T21:30:18.327	23740.0	23740.0	58.0	23745.0	59.0
2020-01-09T21:28:25.348	23750.0	23745.0	692.0	23750.0	103.0
2020-01-09T21:26:52.925	23745.0	23740.0	739.0	23745.0	842.0
2020-01-09T21:26:40.627	23735.0	23735.0	269.0	23740.0	456.0
2020-01-09T21:26:22.697	23730.0	23725.0	222.0	23730.0	279.0
2020-01-09T21:26:08.849	23740.0	23735.0	469.0	23740.0	501.0
2020-01-09T21:26:06.094	23730.0	23730.0	90.0	23735.0	285.0
2020-01-09T21:26:03.311	23720.0	23720.0	121.0	23725.0	192.0
2020-01-09T21:25:57.760	23730.0	23725.0	549.0	23730.0	250.0
2020-01-09T21:25:55.007	23740.0	23735.0	174.0	23740.0	519.0
2020-01-09T21:25:47.926	23735.0	23730.0	915.0	23735.0	2377.0
2020-01-09T21:25:43.651	23745.0	23745.0	1152.0
2020-01-09T21:25:42.245	23755.0	23755.0	247.0
2020-01-09T21:21:23.946	23765.0	23760.0	644.0	23765.0	900.0
2020-01-09T21:12:33.136	23760.0	23755.0	263.0	23760.0	665.0
2020-01-09T21:10:56.061	23750.0	23750.0	377.0	23755.0	92.0
2020-01-09T21:10:23.431	23760.0	23755.0	117.0	23760.0	312.0
2020-01-09T21:05:33.363	23750.0	23750.0	617.0	23755.0	744.0
2020-01-09T21:04:51.601	23755.0	23755.0	308.0	23760.0	78.0
2020-01-09T20:57:47.889	23765.0	23760.0	1462.0	23765.0	1335.0
2020-01-09T20:43:16.445	23755.0	23755.0	1353.0	23760.0	1197.0
2020-01-09T20:31:27.009	23745.0	23745.0	55.0	23750.0	791.0
2020-01-09T20:27:05.823	23755.0	23750.0	403.0	23755.0	562.0
2020-01-09T20:23:51.791	23750.0	23745.0	188.0	23750.0	146.0
2020-01-09T20:19:08.553	23740.0	23740.0	574.0	23745.0	410.0
2020-01-09T20:15:21.662	23750.0	23745.0	398.0	23750.0	69.0
2020-01-09T20:14:36.126	23740.0	23740.0	228.0	23745.0	244.0
2020-01-09T20:11:34.341	23745.0	23745.0	342.0	23750.0	114.0
2020-01-09T20:08:29.144	23750.0	23750.0	1152.0	23755.0	376.0
2020-01-09T20:07:18.349	23745.0	23740.0	124.0	23745.0	363.0
2020-01-09T19:58:05.862	23735.0	23735.0	946.0	23740.0	751.0
2020-01-09T19:54:34.218	23725.0	23725.0	296.0	23730.0	111.0
2020-01-09T19:49:27.770	23735.0	23730.0	617.0	23735.0	822.0
2020-01-09T19:47:59.521	23725.0	23725.0	413.0	23730.0	340.0
2020-01-09T19:44:51.666	23730.0	23730.0	399.0	23735.0	35.0
2020-01-09T19:43:12.547	23740.0	23735.0	227.0	23740.0	143.0
2020-01-09T19:37:46.997	23730.0	23730.0	736.0	23735.0	793.0
2020-01-09T19:35:08.792	23740.0	23735.0	71.0	23740.0	32.0
2020-01-09T19:31:18.923	23730.0	23730.0	96121.0	23735.0	1441.0
