2020-01-09T15:14:48.333	23700.0	23700.0	5533.0
2020-01-09T15:09:48.132	23685.0	23685.0	193.0
2020-01-09T15:08:52.867	23700.0	23695.0	109.0	23700.0	2872.0
2020-01-09T15:08:14.428	23705.0	23705.0	1069.0	23710.0	139.0
2020-01-09T15:07:28.789	23710.0	23710.0	2742.0	23715.0	2004.0
2020-01-09T15:06:39.649	23705.0	23700.0	356.0	23705.0	1349.0
2020-01-09T15:06:11.790	23695.0	23695.0	1132.0	23700.0	433.0
2020-01-09T15:04:40.468	23685.0	23685.0	678.0	23690.0	2542.0
2020-01-09T15:04:07.146	23695.0	23690.0	626.0	23695.0	1881.0
2020-01-09T15:03:27.856	23690.0	23685.0	1025.0	23690.0	1054.0
2020-01-09T15:03:01.518	23695.0	23695.0	1698.0	23700.0	399.0
2020-01-09T15:02:39.398	23700.0	23700.0	1747.0	23705.0	1065.0
2020-01-09T15:02:01.808	23705.0	23705.0	2451.0	23710.0	355.0
2020-01-09T15:00:24.594	23710.0	23710.0	4909.0	23715.0	4839.0
2020-01-09T14:59:38.652	23705.0	23700.0	2414.0	23705.0	5147.0
2020-01-09T14:59:14.702	23715.0	23710.0	2394.0	23715.0	1457.0
2020-01-09T14:58:57.794	23710.0	23705.0	477.0	23710.0	2287.0
2020-01-09T14:57:49.744	23720.0	23715.0	3826.0	23720.0	1836.0
2020-01-09T14:55:32.388	23730.0	23725.0	3618.0	23730.0	2000.0
2020-01-09T14:52:39.475	23735.0	23735.0	3432.0	23740.0	1846.0
2020-01-09T14:49:54.894	23745.0	23740.0	800.0	23745.0	6890.0
2020-01-09T14:48:47.565	23740.0	23735.0	1675.0	23740.0	3622.0
2020-01-09T14:47:33.167	23730.0	23730.0	1361.0	23735.0	2916.0
2020-01-09T14:45:30.756	23725.0	23720.0	815.0	23725.0	4378.0
2020-01-09T14:31:12.623	23720.0	23715.0	11379.0	23720.0	1727.0
2020-01-09T14:28:26.405	23710.0	23710.0	210.0	23715.0	2842.0
2020-01-09T14:26:22.709	23720.0	23715.0	3119.0	23720.0	3094.0
2020-01-09T14:24:42.715	23710.0	23710.0	1029.0	23715.0	913.0
2020-01-09T14:21:27.510	23700.0	23700.0	261.0	23705.0	3224.0
2020-01-09T14:19:58.266	23710.0	23705.0	1559.0	23710.0	2921.0
2020-01-09T14:18:52.874	23705.0	23700.0	804.0	23705.0	6842.0
2020-01-09T14:18:31.933	23695.0	23695.0	339.0	23700.0	1206.0
2020-01-09T14:11:04.204	23690.0	23685.0	1688.0	23690.0	3821.0
2020-01-09T14:06:07.288	23685.0	23680.0	1988.0	23685.0	2068.0
2020-01-09T14:04:00.397	23675.0	23675.0	197.0	23680.0	516.0
2020-01-09T13:58:59.874	23685.0	23680.0	1339.0	23685.0	2872.0
2020-01-09T13:53:39.949	23675.0	23675.0	581.0	23680.0	553.0
2020-01-09T13:43:45.862	23680.0	23680.0	3717.0	23685.0	5751.0
2020-01-09T13:32:08.654	23670.0	23670.0	4736.0	23675.0	7510.0
2020-01-09T13:29:56.290	23665.0	23660.0	693.0	23665.0	3255.0
2020-01-09T13:25:30.180	23660.0	23655.0	822.0	23660.0	1272.0
2020-01-09T13:20:13.937	23655.0	23650.0	860.0	23655.0	1883.0
2020-01-09T13:15:45.334	23650.0	23645.0	664.0	23650.0	3575.0
2020-01-09T13:12:00.719	23640.0	23640.0	1369.0	23645.0	783.0
2020-01-09T13:03:35.279	23650.0	23645.0	1791.0	23650.0	7043.0
2020-01-09T13:02:28.362	23645.0	23640.0	387.0	23645.0	1802.0
2020-01-09T13:01:39.897	23640.0	23635.0	126.0	23640.0	1287.0
2020-01-09T13:01:05.302	23630.0	23630.0	763.0	23635.0	875.0
2020-01-09T12:56:22.316	23640.0	23635.0	1806.0	23640.0	794.0
2020-01-09T12:46:59.470	23635.0	23630.0	469.0	23635.0	2161.0
2020-01-09T12:39:23.467	23630.0	23625.0	520.0	23630.0	2790.0
2020-01-09T12:36:21.414	23620.0	23620.0	1938.0	23625.0	455.0
2020-01-09T12:35:22.174	23630.0	23625.0	700.0	23630.0	397.0
2020-01-09T12:34:03.073	23620.0	23620.0	47.0	23625.0	511.0
2020-01-09T12:24:16.186	23610.0	23610.0	2226.0	23615.0	5432.0
2020-01-09T12:21:09.859	23600.0	23600.0	415.0	23605.0	481.0
2020-01-09T12:20:30.986	23590.0	23590.0	810.0	23595.0	946.0
2020-01-09T12:19:28.514	23595.0	23595.0	969.0	23600.0	395.0
2020-01-09T12:19:09.173	23605.0	23600.0	602.0	23605.0	855.0
2020-01-09T12:18:16.791	23595.0	23595.0	763.0	23600.0	350.0
2020-01-09T12:18:05.750	23585.0	23585.0	337.0	23590.0	394.0
2020-01-09T12:17:50.605	23575.0	23575.0	2364.0	23580.0	1333.0
2020-01-09T12:17:49.178	23585.0	23585.0	411.0
2020-01-09T12:17:40.889	23595.0	23595.0	3289.0
2020-01-09T12:17:22.857	23605.0	23605.0	924.0	23610.0	125.0
2020-01-09T12:15:13.133	23610.0	23610.0	300.0	23615.0	490.0
2020-01-09T12:11:56.578	23615.0	23615.0	2022.0	23620.0	322.0
2020-01-09T12:06:40.157	23625.0	23620.0	400.0	23625.0	193.0
2020-01-09T11:58:04.264	23615.0	23615.0	2645.0	23620.0	2411.0
2020-01-09T11:56:51.117	23620.0	23620.0	1292.0	23625.0	255.0
2020-01-09T11:54:51.785	23630.0	23625.0	670.0	23630.0	1902.0
2020-01-09T11:50:10.066	23620.0	23620.0	1357.0	23625.0	2246.0
2020-01-09T11:42:54.990	23630.0	23625.0	2151.0	23630.0	1450.0
2020-01-09T11:36:00.981	23640.0	23635.0	1566.0	23640.0	2982.0
2020-01-09T11:34:32.134	23650.0	23645.0	2030.0	23650.0	677.0
2020-01-09T11:33:20.606	23660.0	23655.0	1855.0	23660.0	1561.0
2020-01-09T11:33:12.175	23650.0	23650.0	3362.0	23655.0	247.0
2020-01-09T11:32:12.753	23640.0	23640.0	716.0	23645.0	1133.0
2020-01-09T11:30:24.750	23630.0	23630.0	1795.0	23635.0	744.0
2020-01-09T11:25:33.695	23635.0	23635.0	5446.0	23640.0	1106.0
2020-01-09T11:20:38.762	23625.0	23625.0	765.0	23630.0	1008.0
2020-01-09T11:15:23.031	23620.0	23615.0	1207.0	23620.0	6086.0
2020-01-09T11:14:59.649	23630.0	23625.0	228.0	23630.0	681.0
2020-01-09T11:14:08.689	23620.0	23620.0	333.0	23625.0	480.0
2020-01-09T11:13:22.996	23610.0	23610.0	228.0	23615.0	618.0
2020-01-09T11:10:42.264	23620.0	23615.0	5036.0	23620.0	55.0
2020-01-09T11:07:34.369	23615.0	23610.0	694.0	23615.0	3393.0
2020-01-09T11:07:20.542	23605.0	23605.0	752.0	23610.0	127.0
2020-01-09T11:04:19.392	23610.0	23610.0	1152.0	23615.0	1037.0
2020-01-09T11:03:25.419	23620.0	23615.0	1341.0	23620.0	596.0
2020-01-09T11:00:50.841	23625.0	23625.0	2267.0	23630.0	905.0
2020-01-09T10:59:54.801	23615.0	23615.0	1682.0	23620.0	198.0
2020-01-09T10:59:43.744	23625.0	23620.0	3.0	23625.0	621.0
2020-01-09T10:57:50.472	23615.0	23615.0	399.0	23620.0	1216.0
2020-01-09T10:54:09.121	23610.0	23605.0	1838.0	23610.0	1384.0
2020-01-09T10:52:37.306	23620.0	23615.0	1069.0	23620.0	1398.0
2020-01-09T10:50:52.610	23615.0	23610.0	1369.0	23615.0	1021.0
2020-01-09T10:50:26.309	23610.0	23605.0	197.0	23610.0	437.0
2020-01-09T10:49:34.022	23600.0	23600.0	1110.0	23605.0	723.0
2020-01-09T10:48:52.894	23610.0	23605.0	998.0	23610.0	1033.0
2020-01-09T10:47:50.475	23605.0	23600.0	1198.0	23605.0	862.0
2020-01-09T10:46:59.353	23610.0	23610.0	996.0	23615.0	1212.0
2020-01-09T10:46:30.394	23615.0	23615.0	775.0	23620.0	139.0
2020-01-09T10:45:18.269	23620.0	23620.0	1625.0	23625.0	206.0
2020-01-09T10:43:16.825	23625.0	23625.0	1045.0	23630.0	1210.0
2020-01-09T10:41:05.315	23620.0	23615.0	2103.0	23620.0	2720.0
2020-01-09T10:40:41.955	23610.0	23610.0	283.0	23615.0	317.0
2020-01-09T10:39:48.320	23600.0	23600.0	967.0	23605.0	585.0
2020-01-09T10:38:35.309	23605.0	23605.0	874.0	23610.0	304.0
2020-01-09T10:37:15.863	23615.0	23610.0	878.0	23615.0	421.0
2020-01-09T10:35:43.241	23605.0	23605.0	1400.0	23610.0	1714.0
2020-01-09T10:35:02.012	23595.0	23595.0	79.0	23600.0	323.0
2020-01-09T10:34:39.981	23605.0	23600.0	1264.0	23605.0	161.0
2020-01-09T10:34:28.805	23610.0	23610.0	648.0	23615.0	116.0
2020-01-09T10:33:14.257	23615.0	23615.0	2605.0	23620.0	171.0
2020-01-09T10:32:14.407	23620.0	23620.0	1951.0	23625.0	1230.0
2020-01-09T10:29:37.785	23615.0	23610.0	1447.0	23615.0	2901.0
2020-01-09T10:25:57.200	23605.0	23605.0	2491.0	23610.0	3481.0
2020-01-09T10:24:20.584	23610.0	23610.0	2899.0	23615.0	2601.0
2020-01-09T10:20:03.850	23600.0	23600.0	2289.0	23605.0	940.0
2020-01-09T10:19:41.968	23595.0	23590.0	463.0	23595.0	1103.0
2020-01-09T10:14:13.215	23585.0	23585.0	4215.0	23590.0	4519.0
2020-01-09T10:10:52.070	23580.0	23575.0	3012.0	23580.0	3396.0
2020-01-09T10:07:56.656	23570.0	23570.0	6559.0	23575.0	2139.0
2020-01-09T10:07:26.388	23560.0	23560.0	117.0	23565.0	2261.0
2020-01-09T10:02:31.438	23550.0	23550.0	263.0	23555.0	2277.0
2020-01-09T09:56:47.123	23560.0	23555.0	2608.0	23560.0	2152.0
2020-01-09T09:56:05.704	23550.0	23550.0	393.0	23555.0	78.0
2020-01-09T09:53:34.973	23555.0	23555.0	2111.0	23560.0	832.0
2020-01-09T09:52:50.869	23565.0	23560.0	643.0	23565.0	1774.0
2020-01-09T09:45:37.058	23555.0	23555.0	3718.0	23560.0	3785.0
2020-01-09T09:37:05.045	23545.0	23545.0	2750.0	23550.0	2295.0
2020-01-09T09:35:17.924	23555.0	23550.0	356.0	23555.0	232.0
2020-01-09T09:34:33.413	23545.0	23545.0	326.0	23550.0	757.0
2020-01-09T09:30:29.423	23550.0	23550.0	3705.0	23555.0	682.0
2020-01-09T09:29:48.563	23555.0	23555.0	2273.0	23560.0	845.0
2020-01-09T09:26:11.843	23550.0	23545.0	1818.0	23550.0	1263.0
2020-01-09T09:25:33.505	23540.0	23540.0	610.0	23545.0	469.0
2020-01-09T09:25:22.552	23550.0	23545.0	125.0	23550.0	449.0
2020-01-09T09:24:50.787	23545.0	23540.0	89.0	23545.0	952.0
2020-01-09T09:24:06.603	23535.0	23535.0	869.0	23540.0	12.0
2020-01-09T09:22:25.044	23545.0	23540.0	869.0	23545.0	1831.0
2020-01-09T09:21:50.866	23555.0	23550.0	600.0	23555.0	763.0
2020-01-09T09:20:38.901	23545.0	23545.0	512.0	23550.0	564.0
2020-01-09T09:20:05.988	23550.0	23550.0	1574.0	23555.0	1107.0
2020-01-09T09:19:30.446	23560.0	23555.0	564.0	23560.0	239.0
2020-01-09T09:19:15.311	23570.0	23565.0	373.0	23570.0	875.0
2020-01-09T09:19:05.761	23565.0	23560.0	102.0	23565.0	601.0
2020-01-09T09:16:43.974	23560.0	23555.0	558.0	23560.0	3162.0
2020-01-09T09:16:05.334	23555.0	23550.0	388.0	23555.0	1142.0
2020-01-09T09:14:57.838	23560.0	23560.0	2479.0	23565.0	1404.0
2020-01-09T09:13:28.624	23555.0	23550.0	1644.0	23555.0	3043.0
2020-01-09T09:13:03.308	23550.0	23545.0	441.0	23550.0	1210.0
2020-01-09T09:12:14.889	23555.0	23555.0	1992.0	23560.0	252.0
2020-01-09T09:11:23.143	23560.0	23560.0	609.0	23565.0	1556.0
2020-01-09T09:11:13.154	23570.0	23565.0	433.0	23570.0	407.0
2020-01-09T09:10:52.469	23560.0	23560.0	414.0	23565.0	473.0
2020-01-09T09:10:36.145	23570.0	23565.0	4117.0	23570.0	1471.0
2020-01-09T09:08:38.512	23560.0	23555.0	1204.0	23560.0	2297.0
2020-01-09T09:08:23.220	23550.0	23550.0	197.0	23555.0	61.0
2020-01-09T09:06:46.984	23555.0	23555.0	1830.0	23560.0	887.0
2020-01-09T09:05:33.683	23550.0	23545.0	814.0	23550.0	956.0
2020-01-09T09:05:04.963	23560.0	23555.0	876.0	23560.0	1073.0
2020-01-09T09:04:59.450	23550.0	23550.0	480.0	23555.0	347.0
2020-01-09T09:04:17.929	23555.0	23555.0	2550.0	23560.0	720.0
2020-01-09T09:03:40.534	23560.0	23560.0	1394.0	23565.0	986.0
2020-01-09T09:03:29.558	23555.0	23550.0	614.0	23555.0	2003.0
2020-01-09T09:03:18.499	23545.0	23545.0	303.0	23550.0	575.0
2020-01-09T09:02:34.161	23535.0	23535.0	941.0	23540.0	409.0
2020-01-09T09:02:11.316	23545.0	23540.0	882.0	23545.0	373.0
2020-01-09T09:01:52.160	23540.0	23535.0	487.0	23540.0	119.0
2020-01-09T09:01:17.142	23535.0	23530.0	807.0	23535.0	888.0
2020-01-09T09:00:30.660	23545.0	23540.0	1016.0	23545.0	1177.0
2020-01-09T09:00:12.881	23540.0	23535.0	273.0	23540.0	2127.0
2020-01-09T09:00:08.919	23530.0	23530.0	755.0
2020-01-09T09:00:02.148	23520.0	23520.0	575.0
2020-01-09T08:59:55.194	23530.0	23525.0	1167.0	23530.0	518.0
2020-01-09T08:59:48.272	23540.0	23540.0	2007.0
2020-01-09T08:59:41.371	23535.0	23530.0	326.0	23535.0	118.0
2020-01-09T08:57:47.038	23525.0	23525.0	1086.0	23530.0	1085.0
2020-01-09T08:56:20.987	23530.0	23530.0	1271.0	23535.0	269.0
2020-01-09T08:52:13.851	23540.0	23535.0	779.0	23540.0	3355.0
2020-01-09T08:49:28.702	23535.0	23530.0	462.0	23535.0	2225.0
2020-01-09T08:46:49.159	23525.0	23525.0	1436.0	23530.0	1210.0
2020-01-09T08:46:11.537	23530.0	23530.0	1175.0	23535.0	296.0
2020-01-09T08:45:56.296	23520.0	23520.0	330.0	23525.0	74.0
2020-01-09T08:45:42.284	23530.0	23525.0	601.0	23530.0	329.0
2020-01-09T08:45:36.234	23520.0	23520.0	10419.0	23525.0	278.0
