2020-01-09T05:29:48.958	23580.0	23580.0	2714.0
2020-01-09T05:12:53.572	23575.0	23570.0	1495.0	23575.0	3057.0
2020-01-09T05:11:19.107	23565.0	23565.0	280.0	23570.0	360.0
2020-01-09T05:02:45.942	23570.0	23570.0	646.0	23575.0	370.0
2020-01-09T05:01:15.894	23580.0	23575.0	178.0	23580.0	238.0
2020-01-09T05:00:05.088	23570.0	23570.0	543.0	23575.0	389.0
2020-01-09T04:50:44.010	23580.0	23575.0	1161.0	23580.0	667.0
2020-01-09T04:47:55.581	23570.0	23570.0	100.0	23575.0	468.0
2020-01-09T04:47:37.503	23580.0	23575.0	78.0	23580.0	187.0
2020-01-09T04:46:54.201	23575.0	23570.0	67.0	23575.0	87.0
2020-01-09T04:31:59.331	23570.0	23565.0	1130.0	23570.0	984.0
2020-01-09T04:31:27.694	23565.0	23560.0	118.0	23565.0	334.0
2020-01-09T04:27:07.734	23575.0	23570.0	542.0	23575.0	220.0
2020-01-09T04:25:26.517	23580.0	23580.0	537.0	23585.0	837.0
2020-01-09T04:24:41.062	23570.0	23570.0	99.0	23575.0	107.0
2020-01-09T04:21:51.309	23580.0	23575.0	121.0	23580.0	123.0
2020-01-09T04:16:53.606	23575.0	23570.0	403.0	23575.0	274.0
2020-01-09T04:06:19.180	23565.0	23565.0	717.0	23570.0	715.0
2020-01-09T04:02:47.402	23560.0	23555.0	226.0	23560.0	523.0
2020-01-09T04:00:02.754	23555.0	23550.0	307.0	23555.0	227.0
2020-01-09T03:58:36.093	23545.0	23545.0	101.0	23550.0	161.0
2020-01-09T03:57:28.369	23550.0	23550.0	268.0	23555.0	67.0
2020-01-09T03:53:38.581	23560.0	23555.0	449.0	23560.0	337.0
2020-01-09T03:49:51.769	23565.0	23565.0	238.0	23570.0	355.0
2020-01-09T03:43:16.103	23575.0	23570.0	129.0	23575.0	320.0
2020-01-09T03:42:02.508	23565.0	23565.0	76.0	23570.0	176.0
2020-01-09T03:40:21.282	23570.0	23570.0	201.0	23575.0	37.0
2020-01-09T03:39:30.217	23580.0	23575.0	52.0	23580.0	201.0
2020-01-09T03:35:48.475	23575.0	23570.0	231.0	23575.0	550.0
2020-01-09T03:22:13.410	23570.0	23565.0	928.0	23570.0	1051.0
2020-01-09T03:18:54.252	23560.0	23560.0	137.0	23565.0	185.0
2020-01-09T03:18:20.997	23565.0	23565.0	69.0	23570.0	135.0
2020-01-09T03:17:04.920	23555.0	23555.0	103.0	23560.0	231.0
2020-01-09T03:16:06.385	23565.0	23560.0	123.0	23565.0	109.0
2020-01-09T03:14:52.853	23560.0	23555.0	118.0	23560.0	249.0
2020-01-09T03:13:23.430	23570.0	23565.0	156.0	23570.0	128.0
2020-01-09T03:11:39.039	23560.0	23560.0	35.0	23565.0	228.0
2020-01-09T03:09:48.463	23565.0	23565.0	666.0	23570.0	92.0
2020-01-09T03:08:31.555	23575.0	23570.0	34.0	23575.0	152.0
2020-01-09T03:07:30.543	23570.0	23565.0	63.0	23570.0	125.0
2020-01-09T03:06:20.773	23580.0	23575.0	195.0	23580.0	184.0
2020-01-09T03:05:15.407	23570.0	23570.0	81.0	23575.0	63.0
2020-01-09T03:04:36.682	23580.0	23575.0	158.0	23580.0	256.0
2020-01-09T03:02:14.887	23570.0	23570.0	39.0	23575.0	133.0
2020-01-09T03:01:58.186	23580.0	23575.0	74.0	23580.0	35.0
2020-01-09T03:01:51.226	23575.0	23570.0	24.0	23575.0	416.0
2020-01-09T03:01:16.553	23565.0	23565.0	79.0
2020-01-09T03:00:41.083	23575.0	23570.0	168.0	23575.0	129.0
2020-01-09T02:59:35.758	23565.0	23565.0	403.0	23570.0	124.0
2020-01-09T02:59:01.970	23570.0	23570.0	92.0	23575.0	37.0
2020-01-09T02:58:16.498	23580.0	23575.0	262.0	23580.0	245.0
2020-01-09T02:56:26.985	23570.0	23570.0	566.0	23575.0	260.0
2020-01-09T02:51:53.962	23565.0	23560.0	702.0	23565.0	1395.0
2020-01-09T02:50:17.923	23570.0	23570.0	425.0	23575.0	413.0
2020-01-09T02:48:46.314	23575.0	23575.0	248.0	23580.0	115.0
2020-01-09T02:45:06.925	23580.0	23580.0	615.0	23585.0	812.0
2020-01-09T02:43:49.186	23570.0	23570.0	71.0	23575.0	114.0
2020-01-09T02:41:25.124	23580.0	23575.0	839.0	23580.0	543.0
2020-01-09T02:39:49.063	23575.0	23570.0	184.0	23575.0	496.0
2020-01-09T02:39:14.590	23565.0	23565.0	302.0	23570.0	20.0
2020-01-09T02:38:10.984	23575.0	23570.0	533.0	23575.0	701.0
2020-01-09T02:37:58.510	23570.0	23565.0	73.0	23570.0	276.0
2020-01-09T02:37:54.404	23560.0	23560.0	89.0
2020-01-09T02:36:42.437	23570.0	23565.0	387.0	23570.0	310.0
2020-01-09T02:36:06.562	23560.0	23560.0	325.0	23565.0	757.0
2020-01-09T02:34:04.254	23570.0	23565.0	256.0	23570.0	1398.0
2020-01-09T02:32:54.801	23565.0	23560.0	168.0	23565.0	158.0
2020-01-09T02:32:10.564	23555.0	23555.0	75.0	23560.0	70.0
2020-01-09T02:29:08.198	23560.0	23560.0	662.0	23565.0	668.0
2020-01-09T02:29:03.139	23550.0	23550.0	302.0	23555.0	118.0
2020-01-09T02:28:52.155	23560.0	23555.0	29.0	23560.0	290.0
2020-01-09T02:27:13.440	23565.0	23565.0	670.0	23570.0	456.0
2020-01-09T02:25:47.191	23560.0	23555.0	113.0	23560.0	891.0
2020-01-09T02:24:53.660	23555.0	23550.0	77.0	23555.0	305.0
2020-01-09T02:21:52.398	23550.0	23545.0	287.0	23550.0	384.0
2020-01-09T02:20:57.990	23540.0	23540.0	80.0	23545.0	123.0
2020-01-09T02:20:14.845	23550.0	23545.0	356.0	23550.0	216.0
2020-01-09T02:20:07.923	23545.0	23540.0	1.0	23545.0	124.0
2020-01-09T02:19:58.075	23535.0	23535.0	76.0	23540.0	13.0
2020-01-09T02:18:37.574	23545.0	23540.0	37.0	23545.0	9.0
2020-01-09T02:18:00.191	23535.0	23535.0	152.0	23540.0	121.0
2020-01-09T02:16:49.801	23540.0	23540.0	400.0	23545.0	301.0
2020-01-09T02:15:28.411	23530.0	23530.0	292.0	23535.0	231.0
2020-01-09T02:15:00.953	23540.0	23535.0	82.0	23540.0	187.0
2020-01-09T02:13:46.831	23530.0	23530.0	437.0	23535.0	434.0
2020-01-09T02:12:16.582	23540.0	23535.0	488.0	23540.0	394.0
2020-01-09T02:11:02.190	23545.0	23545.0	471.0	23550.0	74.0
2020-01-09T02:10:20.166	23550.0	23550.0	602.0	23555.0	26.0
2020-01-09T02:10:00.931	23540.0	23540.0	39.0	23545.0	72.0
2020-01-09T02:06:57.364	23545.0	23545.0	564.0	23550.0	596.0
2020-01-09T02:06:29.483	23535.0	23535.0	97.0	23540.0	326.0
2020-01-09T02:05:53.367	23545.0	23540.0	387.0	23545.0	289.0
2020-01-09T02:05:30.991	23550.0	23550.0	258.0	23555.0	70.0
2020-01-09T02:04:58.012	23555.0	23555.0	350.0	23560.0	283.0
2020-01-09T02:03:59.773	23545.0	23545.0	448.0	23550.0	503.0
2020-01-09T02:03:15.540	23555.0	23550.0	599.0	23555.0	370.0
2020-01-09T02:02:47.693	23545.0	23545.0	138.0	23550.0	76.0
2020-01-09T02:02:07.661	23555.0	23550.0	251.0	23555.0	413.0
2020-01-09T02:00:52.739	23545.0	23545.0	876.0	23550.0	591.0
2020-01-09T02:00:23.829	23550.0	23550.0	561.0	23555.0	163.0
2020-01-09T02:00:12.678	23545.0	23540.0	14.0	23545.0	232.0
2020-01-09T01:59:58.708	23540.0	23535.0	30.0	23540.0	149.0
2020-01-09T01:59:25.620	23530.0	23530.0	352.0	23535.0	610.0
2020-01-09T01:58:56.469	23535.0	23535.0	587.0	23540.0	161.0
2020-01-09T01:58:26.125	23540.0	23540.0	419.0	23545.0	169.0
2020-01-09T01:57:57.147	23550.0	23545.0	358.0	23550.0	256.0
2020-01-09T01:57:22.434	23540.0	23540.0	464.0	23545.0	150.0
2020-01-09T01:57:04.102	23550.0	23545.0	109.0	23550.0	191.0
2020-01-09T01:55:56.272	23545.0	23540.0	480.0	23545.0	1141.0
2020-01-09T01:54:56.538	23555.0	23550.0	1116.0	23555.0	103.0
2020-01-09T01:54:42.642	23565.0	23560.0	40.0	23565.0	99.0
2020-01-09T01:54:27.424	23555.0	23555.0	105.0	23560.0	377.0
2020-01-09T01:54:16.327	23565.0	23560.0	29.0	23565.0	133.0
2020-01-09T01:53:54.097	23560.0	23555.0	81.0	23560.0	342.0
2020-01-09T01:53:38.820	23555.0	23550.0	373.0	23555.0	371.0
2020-01-09T01:53:08.488	23565.0	23560.0	122.0	23565.0	1019.0
2020-01-09T01:52:35.048	23560.0	23555.0	685.0	23560.0	110.0
2020-01-09T01:52:12.792	23550.0	23550.0	527.0	23555.0	244.0
2020-01-09T01:52:00.360	23555.0	23555.0	1757.0	23560.0	145.0
2020-01-09T01:51:13.175	23550.0	23545.0	313.0	23550.0	652.0
2020-01-09T01:50:56.466	23545.0	23540.0	456.0	23545.0	562.0
2020-01-09T01:49:35.614	23540.0	23535.0	749.0	23540.0	1648.0
2020-01-09T01:49:03.771	23535.0	23530.0	144.0	23535.0	633.0
2020-01-09T01:48:44.507	23530.0	23525.0	297.0	23530.0	480.0
2020-01-09T01:47:50.559	23520.0	23520.0	688.0	23525.0	348.0
2020-01-09T01:47:23.101	23510.0	23510.0	669.0	23515.0	133.0
2020-01-09T01:46:54.062	23520.0	23515.0	683.0	23520.0	189.0
2020-01-09T01:46:40.160	23525.0	23525.0	355.0	23530.0	95.0
2020-01-09T01:46:34.653	23515.0	23515.0	301.0	23520.0	37.0
2020-01-09T01:46:06.956	23525.0	23520.0	375.0	23525.0	2106.0
2020-01-09T01:45:18.458	23535.0	23530.0	839.0	23535.0	319.0
2020-01-09T01:45:04.529	23525.0	23525.0	293.0	23530.0	328.0
2020-01-09T01:45:01.714	23535.0	23530.0	35.0	23535.0	648.0
2020-01-09T01:44:54.715	23545.0	23540.0	267.0	23545.0	504.0
2020-01-09T01:44:29.541	23540.0	23535.0	1034.0	23540.0	407.0
2020-01-09T01:43:59.050	23535.0	23530.0	261.0	23535.0	629.0
2020-01-09T01:43:28.537	23530.0	23525.0	210.0	23530.0	520.0
2020-01-09T01:43:14.732	23525.0	23520.0	129.0	23525.0	1118.0
2020-01-09T01:42:44.302	23530.0	23530.0	1882.0	23535.0	488.0
2020-01-09T01:42:34.579	23520.0	23520.0	1495.0	23525.0	1066.0
2020-01-09T01:42:02.862	23515.0	23510.0	339.0	23515.0	1152.0
2020-01-09T01:41:50.433	23505.0	23505.0	90.0	23510.0	164.0
2020-01-09T01:41:35.217	23515.0	23510.0	250.0	23515.0	553.0
2020-01-09T01:40:59.339	23505.0	23505.0	575.0	23510.0	950.0
2020-01-09T01:40:56.602	23515.0	23510.0	258.0	23515.0	405.0
2020-01-09T01:40:43.673	23510.0	23505.0	86.0	23510.0	317.0
2020-01-09T01:40:18.848	23500.0	23500.0	1225.0	23505.0	651.0
2020-01-09T01:40:17.439	23510.0	23510.0	1849.0
2020-01-09T01:40:10.569	23495.0	23490.0	21.0	23495.0	122.0
2020-01-09T01:40:00.900	23490.0	23485.0	235.0	23490.0	339.0
2020-01-09T01:39:49.910	23495.0	23495.0	280.0	23500.0	564.0
2020-01-09T01:39:38.883	23490.0	23485.0	37.0	23490.0	784.0
2020-01-09T01:39:33.359	23480.0	23480.0	293.0	23485.0	103.0
2020-01-09T01:39:23.278	23490.0	23485.0	4.0	23490.0	160.0
2020-01-09T01:39:16.389	23485.0	23480.0	49.0	23485.0	86.0
2020-01-09T01:39:09.378	23495.0	23490.0	177.0	23495.0	440.0
2020-01-09T01:39:06.615	23485.0	23485.0	102.0	23490.0	70.0
2020-01-09T01:38:56.752	23475.0	23475.0	905.0	23480.0	442.0
2020-01-09T01:38:53.894	23485.0	23480.0	287.0	23485.0	176.0
2020-01-09T01:38:41.453	23490.0	23490.0	506.0	23495.0	944.0
2020-01-09T01:38:35.868	23500.0	23500.0	962.0
2020-01-09T01:38:21.927	23490.0	23490.0	777.0	23495.0	903.0
2020-01-09T01:38:10.745	23485.0	23480.0	290.0	23485.0	861.0
2020-01-09T01:38:02.436	23475.0	23475.0	120.0	23480.0	1292.0
2020-01-09T01:37:48.506	23465.0	23465.0	658.0	23470.0	1087.0
2020-01-09T01:37:44.336	23455.0	23455.0	164.0	23460.0	31.0
2020-01-09T01:37:33.185	23465.0	23465.0	289.0
2020-01-09T01:37:24.827	23455.0	23455.0	117.0	23460.0	38.0
2020-01-09T01:37:17.954	23465.0	23460.0	110.0	23465.0	210.0
2020-01-09T01:36:59.971	23455.0	23455.0	532.0	23460.0	570.0
2020-01-09T01:36:43.400	23445.0	23445.0	298.0	23450.0	766.0
2020-01-09T01:36:37.897	23435.0	23435.0	46.0	23440.0	52.0
2020-01-09T01:36:26.723	23425.0	23425.0	210.0	23430.0	163.0
2020-01-09T01:36:18.418	23430.0	23430.0	139.0	23435.0	27.0
2020-01-09T01:35:56.867	23440.0	23435.0	401.0	23440.0	358.0
2020-01-09T01:35:42.892	23435.0	23430.0	91.0	23435.0	360.0
2020-01-09T01:35:01.408	23425.0	23425.0	275.0	23430.0	372.0
2020-01-09T01:34:51.714	23420.0	23415.0	58.0	23420.0	199.0
2020-01-09T01:34:40.722	23430.0	23425.0	363.0	23430.0	256.0
2020-01-09T01:34:29.638	23435.0	23435.0	321.0	23440.0	26.0
2020-01-09T01:34:15.701	23430.0	23425.0	190.0	23430.0	318.0
2020-01-09T01:34:12.999	23420.0	23420.0	155.0	23425.0	19.0
2020-01-09T01:34:06.044	23430.0	23425.0	365.0	23430.0	204.0
2020-01-09T01:34:01.949	23440.0	23435.0	292.0	23440.0	246.0
2020-01-09T01:33:54.961	23430.0	23425.0	249.0	23430.0	815.0
2020-01-09T01:33:50.775	23420.0	23420.0	627.0	23425.0	144.0
2020-01-09T01:33:46.659	23410.0	23410.0	510.0
2020-01-09T01:33:25.970	23400.0	23400.0	324.0	23405.0	45.0
2020-01-09T01:33:03.077	23395.0	23390.0	200.0	23395.0	482.0
2020-01-09T01:32:54.765	23385.0	23385.0	211.0	23390.0	140.0
2020-01-09T01:32:42.503	23395.0	23390.0	189.0	23395.0	351.0
2020-01-09T01:32:19.071	23400.0	23400.0	477.0	23405.0	161.0
2020-01-09T01:32:13.579	23410.0	23405.0	214.0	23410.0	177.0
2020-01-09T01:31:57.068	23400.0	23400.0	224.0	23405.0	386.0
2020-01-09T01:31:47.371	23410.0	23405.0	136.0	23410.0	424.0
2020-01-09T01:31:41.679	23395.0	23395.0	61.0	23400.0	350.0
2020-01-09T01:31:36.092	23405.0	23400.0	367.0	23405.0	162.0
2020-01-09T01:31:31.839	23415.0	23410.0	37.0	23415.0	131.0
2020-01-09T01:31:26.316	23420.0	23420.0	60.0	23425.0	64.0
2020-01-09T01:31:05.756	23425.0	23425.0	309.0	23430.0	307.0
2020-01-09T01:30:58.845	23435.0	23430.0	69.0	23435.0	610.0
2020-01-09T01:30:39.660	23445.0	23440.0	519.0	23445.0	270.0
2020-01-09T01:30:29.147	23440.0	23435.0	309.0	23440.0	625.0
2020-01-09T01:30:23.546	23430.0	23430.0	278.0
2020-01-09T01:30:01.456	23420.0	23420.0	857.0	23425.0	1189.0
2020-01-09T01:30:00.086	23430.0	23430.0	14.0
2020-01-09T01:29:53.235	23435.0	23435.0	342.0	23440.0	311.0
2020-01-09T01:29:49.988	23445.0	23440.0	121.0	23445.0	178.0
2020-01-09T01:29:47.230	23450.0	23450.0	130.0	23455.0	116.0
2020-01-09T01:29:31.911	23455.0	23455.0	406.0	23460.0	382.0
2020-01-09T01:29:24.954	23465.0	23460.0	165.0	23465.0	230.0
2020-01-09T01:29:13.859	23455.0	23455.0	1232.0	23460.0	872.0
2020-01-09T01:29:09.604	23465.0	23465.0	2544.0	23470.0	343.0
2020-01-09T01:29:08.245	23455.0	23455.0	1519.0
2020-01-09T01:29:05.412	23445.0	23445.0	177.0	23450.0	362.0
2020-01-09T01:28:59.786	23435.0	23435.0	600.0	23440.0	175.0
2020-01-09T01:28:52.794	23445.0	23440.0	600.0	23445.0	3330.0
2020-01-09T01:28:51.426	23435.0	23435.0	1805.0
2020-01-09T01:28:48.593	23410.0	23410.0	445.0	23415.0	35.0
2020-01-09T01:28:44.370	23400.0	23400.0	757.0
2020-01-09T01:28:42.996	23390.0	23390.0	57.0
2020-01-09T01:28:25.020	23380.0	23380.0	241.0	23385.0	131.0
2020-01-09T01:27:53.324	23375.0	23370.0	426.0	23375.0	772.0
2020-01-09T01:27:40.865	23385.0	23380.0	83.0	23385.0	468.0
2020-01-09T01:27:03.510	23390.0	23390.0	416.0	23395.0	275.0
2020-01-09T01:26:34.015	23395.0	23395.0	612.0	23400.0	129.0
2020-01-09T01:22:28.503	23405.0	23400.0	1413.0	23405.0	1444.0
2020-01-09T01:21:57.944	23410.0	23410.0	134.0	23415.0	127.0
2020-01-09T01:21:13.497	23415.0	23415.0	485.0	23420.0	75.0
2020-01-09T01:18:54.359	23425.0	23420.0	729.0	23425.0	1720.0
2020-01-09T01:17:56.400	23420.0	23415.0	134.0	23420.0	709.0
2020-01-09T01:16:16.389	23415.0	23410.0	184.0	23415.0	1009.0
2020-01-09T01:11:22.069	23405.0	23405.0	1295.0	23410.0	990.0
2020-01-09T01:08:46.920	23395.0	23395.0	218.0	23400.0	808.0
2020-01-09T01:06:34.949	23390.0	23385.0	160.0	23390.0	1127.0
2020-01-09T01:04:26.783	23385.0	23380.0	183.0	23385.0	323.0
2020-01-09T01:01:03.281	23375.0	23375.0	799.0	23380.0	823.0
2020-01-09T01:00:32.593	23385.0	23380.0	55.0	23385.0	27.0
2020-01-09T01:00:03.503	23375.0	23375.0	31.0	23380.0	228.0
2020-01-09T00:59:51.002	23385.0	23380.0	53.0	23385.0	295.0
2020-01-09T00:58:52.932	23375.0	23375.0	198.0	23380.0	78.0
2020-01-09T00:58:02.924	23385.0	23380.0	200.0	23385.0	141.0
2020-01-09T00:57:16.631	23380.0	23375.0	67.0	23380.0	664.0
2020-01-09T00:55:15.961	23375.0	23370.0	127.0	23375.0	420.0
2020-01-09T00:54:32.487	23385.0	23380.0	141.0	23385.0	534.0
2020-01-09T00:53:52.345	23380.0	23375.0	123.0	23380.0	350.0
2020-01-09T00:53:00.871	23375.0	23370.0	8.0	23375.0	501.0
2020-01-09T00:52:20.729	23365.0	23365.0	353.0	23370.0	115.0
2020-01-09T00:51:24.958	23375.0	23370.0	177.0	23375.0	230.0
2020-01-09T00:50:08.533	23365.0	23365.0	168.0	23370.0	412.0
2020-01-09T00:49:46.498	23375.0	23370.0	375.0	23375.0	286.0
2020-01-09T00:49:07.581	23365.0	23365.0	136.0	23370.0	258.0
2020-01-09T00:48:52.481	23360.0	23355.0	118.0	23360.0	475.0
2020-01-09T00:48:27.355	23365.0	23365.0	397.0	23370.0	19.0
2020-01-09T00:48:13.633	23375.0	23370.0	539.0	23375.0	80.0
2020-01-09T00:45:20.625	23385.0	23380.0	179.0	23385.0	324.0
2020-01-09T00:44:51.541	23375.0	23375.0	276.0	23380.0	129.0
2020-01-09T00:43:49.388	23380.0	23380.0	111.0	23385.0	380.0
2020-01-09T00:43:01.037	23390.0	23385.0	197.0	23390.0	74.0
2020-01-09T00:42:11.115	23380.0	23380.0	210.0	23385.0	322.0
2020-01-09T00:40:49.280	23390.0	23385.0	687.0	23390.0	154.0
2020-01-09T00:40:04.724	23400.0	23395.0	572.0	23400.0	920.0
2020-01-09T00:38:18.168	23390.0	23390.0	1129.0	23395.0	497.0
2020-01-09T00:38:00.255	23385.0	23380.0	2.0	23385.0	650.0
2020-01-09T00:36:18.237	23395.0	23390.0	357.0	23395.0	271.0
2020-01-09T00:35:30.035	23390.0	23385.0	63.0	23390.0	436.0
2020-01-09T00:34:20.902	23380.0	23380.0	391.0	23385.0	402.0
2020-01-09T00:34:16.778	23390.0	23385.0	29.0	23390.0	93.0
2020-01-09T00:34:01.648	23380.0	23380.0	59.0	23385.0	22.0
2020-01-09T00:33:51.986	23390.0	23385.0	270.0	23390.0	82.0
2020-01-09T00:32:48.727	23385.0	23380.0	170.0	23385.0	624.0
2020-01-09T00:32:00.236	23390.0	23390.0	274.0	23395.0	448.0
2020-01-09T00:31:27.339	23385.0	23380.0	4.0	23385.0	242.0
2020-01-09T00:30:21.787	23375.0	23375.0	850.0	23380.0	234.0
2020-01-09T00:28:45.753	23385.0	23380.0	220.0	23385.0	260.0
2020-01-09T00:26:21.019	23375.0	23375.0	459.0	23380.0	826.0
2020-01-09T00:25:47.477	23380.0	23380.0	265.0	23385.0	30.0
2020-01-09T00:25:03.192	23390.0	23385.0	73.0	23390.0	276.0
2020-01-09T00:24:21.217	23380.0	23380.0	505.0	23385.0	584.0
2020-01-09T00:24:12.874	23390.0	23385.0	66.0	23390.0	103.0
2020-01-09T00:23:53.585	23380.0	23380.0	168.0	23385.0	64.0
2020-01-09T00:23:12.278	23390.0	23385.0	995.0	23390.0	378.0
2020-01-09T00:22:37.594	23400.0	23395.0	253.0	23400.0	127.0
2020-01-09T00:21:36.763	23395.0	23390.0	153.0	23395.0	116.0
2020-01-09T00:21:13.060	23385.0	23385.0	38.0	23390.0	118.0
2020-01-09T00:21:06.234	23395.0	23390.0	40.0	23395.0	29.0
2020-01-09T00:20:49.754	23390.0	23385.0	286.0	23390.0	232.0
2020-01-09T00:20:31.712	23400.0	23395.0	65.0	23400.0	527.0
2020-01-09T00:19:05.726	23390.0	23390.0	372.0	23395.0	408.0
2020-01-09T00:16:58.880	23395.0	23395.0	835.0	23400.0	165.0
2020-01-09T00:15:56.627	23405.0	23400.0	216.0	23405.0	584.0
2020-01-09T00:15:09.889	23410.0	23410.0	210.0	23415.0	280.0
2020-01-09T00:13:26.777	23400.0	23400.0	497.0	23405.0	580.0
2020-01-09T00:12:45.415	23410.0	23405.0	213.0	23410.0	631.0
2020-01-09T00:12:24.905	23400.0	23400.0	7.0	23405.0	302.0
2020-01-09T00:11:54.773	23395.0	23390.0	29.0	23395.0	423.0
2020-01-09T00:10:59.679	23385.0	23385.0	182.0	23390.0	175.0
2020-01-09T00:09:28.975	23395.0	23390.0	362.0	23395.0	428.0
2020-01-09T00:07:10.165	23405.0	23400.0	706.0	23405.0	412.0
2020-01-09T00:06:22.011	23395.0	23395.0	103.0	23400.0	84.0
2020-01-09T00:04:28.080	23405.0	23400.0	430.0	23405.0	447.0
2020-01-09T00:04:01.463	23395.0	23395.0	74.0	23400.0	47.0
2020-01-09T00:02:34.716	23405.0	23400.0	564.0	23405.0	185.0
2020-01-08T23:59:48.810	23400.0	23395.0	186.0	23400.0	970.0
2020-01-08T23:59:26.749	23395.0	23390.0	185.0	23395.0	544.0
2020-01-08T23:59:08.890	23385.0	23385.0	138.0	23390.0	231.0
2020-01-08T23:58:40.395	23390.0	23390.0	168.0	23395.0	284.0
2020-01-08T23:57:51.988	23400.0	23395.0	853.0	23400.0	138.0
2020-01-08T23:55:02.850	23405.0	23405.0	1634.0	23410.0	543.0
2020-01-08T23:54:17.523	23400.0	23395.0	184.0	23400.0	416.0
2020-01-08T23:53:32.060	23390.0	23390.0	322.0	23395.0	565.0
2020-01-08T23:52:10.702	23385.0	23380.0	106.0	23385.0	826.0
2020-01-08T23:51:43.333	23375.0	23375.0	64.0	23380.0	46.0
2020-01-08T23:51:30.955	23385.0	23380.0	2.0	23385.0	116.0
2020-01-08T23:50:31.468	23375.0	23375.0	184.0	23380.0	366.0
2020-01-08T23:48:10.342	23385.0	23380.0	1548.0	23385.0	237.0
2020-01-08T23:47:08.267	23380.0	23375.0	249.0	23380.0	532.0
2020-01-08T23:45:58.019	23375.0	23370.0	49.0	23375.0	1508.0
2020-01-08T23:45:07.038	23380.0	23380.0	104.0	23385.0	153.0
2020-01-08T23:44:54.608	23390.0	23385.0	375.0	23390.0	90.0
2020-01-08T23:43:55.554	23385.0	23380.0	119.0	23385.0	370.0
2020-01-08T23:43:19.776	23375.0	23375.0	255.0	23380.0	707.0
2020-01-08T23:42:30.354	23385.0	23380.0	391.0	23385.0	341.0
2020-01-08T23:41:09.053	23375.0	23375.0	676.0	23380.0	167.0
2020-01-08T23:40:53.743	23380.0	23380.0	422.0	23385.0	832.0
2020-01-08T23:40:02.614	23375.0	23370.0	173.0	23375.0	468.0
2020-01-08T23:39:40.619	23370.0	23365.0	4.0	23370.0	632.0
2020-01-08T23:39:14.399	23365.0	23360.0	15.0	23365.0	358.0
2020-01-08T23:39:00.533	23355.0	23355.0	534.0	23360.0	29.0
2020-01-08T23:38:03.116	23365.0	23360.0	175.0	23365.0	232.0
2020-01-08T23:37:00.688	23355.0	23355.0	240.0	23360.0	260.0
2020-01-08T23:36:42.139	23360.0	23360.0	498.0	23365.0	20.0
2020-01-08T23:35:54.077	23365.0	23365.0	1089.0	23370.0	45.0
2020-01-08T23:35:19.530	23370.0	23370.0	867.0	23375.0	547.0
2020-01-08T23:34:14.641	23360.0	23360.0	403.0	23365.0	312.0
2020-01-08T23:33:58.250	23365.0	23365.0	126.0	23370.0	404.0
2020-01-08T23:33:42.911	23360.0	23355.0	69.0	23360.0	1019.0
2020-01-08T23:33:29.186	23370.0	23365.0	108.0	23370.0	6.0
2020-01-08T23:33:22.316	23365.0	23360.0	177.0	23365.0	170.0
2020-01-08T23:33:00.118	23375.0	23370.0	351.0	23375.0	499.0
2020-01-08T23:32:57.332	23365.0	23365.0	147.0
2020-01-08T23:32:51.776	23370.0	23370.0	201.0	23375.0	323.0
2020-01-08T23:32:35.192	23365.0	23360.0	1279.0	23365.0	515.0
2020-01-08T23:32:22.770	23355.0	23355.0	264.0	23360.0	168.0
2020-01-08T23:32:08.898	23345.0	23345.0	6.0	23350.0	381.0
2020-01-08T23:31:55.135	23355.0	23350.0	510.0	23355.0	126.0
2020-01-08T23:31:49.462	23345.0	23345.0	5.0	23350.0	131.0
2020-01-08T23:31:45.302	23335.0	23335.0	128.0	23340.0	224.0
2020-01-08T23:31:36.989	23340.0	23340.0	195.0	23345.0	266.0
2020-01-08T23:31:30.073	23350.0	23345.0	83.0	23350.0	259.0
2020-01-08T23:31:25.989	23340.0	23340.0	78.0	23345.0	51.0
2020-01-08T23:31:20.475	23350.0	23345.0	26.0	23350.0	513.0
2020-01-08T23:31:16.184	23365.0	23360.0	1073.0	23365.0	412.0
2020-01-08T23:31:14.778	23355.0	23355.0	514.0
2020-01-08T23:31:09.130	23345.0	23345.0	414.0	23350.0	916.0
2020-01-08T23:31:06.347	23335.0	23335.0	500.0	23340.0	299.0
2020-01-08T23:30:55.346	23325.0	23325.0	358.0	23330.0	113.0
2020-01-08T23:30:22.002	23315.0	23315.0	647.0	23320.0	379.0
2020-01-08T23:30:17.854	23325.0	23320.0	43.0	23325.0	169.0
2020-01-08T23:30:12.309	23315.0	23315.0	375.0	23320.0	97.0
2020-01-08T23:30:03.752	23325.0	23320.0	243.0	23325.0	167.0
2020-01-08T23:28:43.925	23330.0	23330.0	599.0	23335.0	187.0
2020-01-08T23:24:46.872	23340.0	23335.0	1655.0	23340.0	669.0
2020-01-08T23:21:33.970	23330.0	23330.0	724.0	23335.0	1218.0
2020-01-08T23:20:48.587	23340.0	23335.0	26.0	23340.0	61.0
2020-01-08T23:19:03.735	23330.0	23330.0	344.0	23335.0	774.0
2020-01-08T23:16:59.750	23335.0	23335.0	562.0	23340.0	178.0
2020-01-08T23:14:14.921	23345.0	23340.0	372.0	23345.0	139.0
2020-01-08T23:10:57.645	23335.0	23335.0	601.0	23340.0	699.0
2020-01-08T23:07:47.782	23340.0	23340.0	285.0	23345.0	554.0
2020-01-08T23:07:11.277	23350.0	23345.0	226.0	23350.0	37.0
2020-01-08T23:06:51.882	23340.0	23340.0	149.0	23345.0	203.0
2020-01-08T23:06:02.166	23350.0	23345.0	87.0	23350.0	432.0
2020-01-08T23:03:59.606	23340.0	23340.0	362.0	23345.0	1175.0
2020-01-08T23:00:46.208	23350.0	23345.0	580.0	23350.0	1214.0
2020-01-08T22:59:44.184	23345.0	23340.0	299.0	23345.0	430.0
2020-01-08T22:57:58.951	23335.0	23335.0	344.0	23340.0	199.0
2020-01-08T22:57:27.314	23345.0	23340.0	235.0	23345.0	10.0
2020-01-08T22:55:17.093	23335.0	23335.0	969.0	23340.0	1568.0
2020-01-08T22:51:47.464	23325.0	23325.0	1042.0	23330.0	1308.0
2020-01-08T22:51:18.350	23335.0	23330.0	124.0	23335.0	461.0
2020-01-08T22:49:57.892	23330.0	23325.0	130.0	23330.0	604.0
2020-01-08T22:49:42.151	23325.0	23320.0	669.0	23325.0	356.0
2020-01-08T22:49:21.529	23335.0	23330.0	159.0	23335.0	294.0
2020-01-08T22:48:31.181	23325.0	23325.0	1093.0	23330.0	924.0
2020-01-08T22:48:02.442	23330.0	23330.0	855.0	23335.0	585.0
2020-01-08T22:47:54.251	23340.0	23335.0	628.0	23340.0	539.0
2020-01-08T22:47:39.205	23350.0	23345.0	427.0	23350.0	73.0
2020-01-08T22:47:18.443	23355.0	23355.0	867.0	23360.0	133.0
2020-01-08T22:45:48.433	23360.0	23360.0	551.0	23365.0	167.0
2020-01-08T22:44:32.844	23365.0	23365.0	612.0	23370.0	283.0
2020-01-08T22:43:25.600	23375.0	23370.0	607.0	23375.0	696.0
2020-01-08T22:42:42.526	23365.0	23365.0	264.0	23370.0	228.0
2020-01-08T22:41:05.774	23370.0	23370.0	1119.0	23375.0	1239.0
2020-01-08T22:39:01.136	23380.0	23375.0	694.0	23380.0	447.0
2020-01-08T22:36:44.700	23385.0	23385.0	2344.0	23390.0	117.0
2020-01-08T22:35:58.696	23395.0	23395.0	425.0
2020-01-08T22:34:58.970	23405.0	23400.0	389.0	23405.0	715.0
2020-01-08T22:34:35.374	23395.0	23395.0	29.0	23400.0	116.0
2020-01-08T22:31:38.638	23405.0	23400.0	716.0	23405.0	494.0
2020-01-08T22:30:46.028	23395.0	23395.0	79.0	23400.0	318.0
2020-01-08T22:30:06.882	23405.0	23400.0	252.0	23405.0	524.0
2020-01-08T22:29:18.109	23395.0	23395.0	191.0	23400.0	184.0
2020-01-08T22:28:01.083	23390.0	23385.0	659.0	23390.0	1593.0
2020-01-08T22:27:21.186	23380.0	23380.0	579.0	23385.0	483.0
2020-01-08T22:26:14.808	23390.0	23385.0	122.0	23390.0	170.0
2020-01-08T22:25:13.849	23380.0	23380.0	288.0	23385.0	292.0
2020-01-08T22:23:36.821	23385.0	23385.0	527.0	23390.0	156.0
2020-01-08T22:23:02.162	23390.0	23390.0	390.0	23395.0	209.0
2020-01-08T22:22:18.025	23400.0	23395.0	988.0	23400.0	323.0
2020-01-08T22:21:35.204	23405.0	23405.0	1064.0	23410.0	138.0
2020-01-08T22:20:36.766	23415.0	23410.0	354.0	23415.0	875.0
2020-01-08T22:18:33.396	23405.0	23405.0	1873.0	23410.0	1905.0
2020-01-08T22:18:25.768	23415.0	23415.0	256.0	23420.0	456.0
2020-01-08T22:16:29.486	23410.0	23405.0	1149.0	23410.0	1736.0
2020-01-08T22:16:14.364	23400.0	23400.0	191.0	23405.0	262.0
2020-01-08T22:15:59.264	23390.0	23390.0	232.0	23395.0	113.0
2020-01-08T22:15:39.400	23400.0	23395.0	169.0	23400.0	504.0
2020-01-08T22:15:25.392	23405.0	23405.0	352.0	23410.0	91.0
2020-01-08T22:15:22.554	23415.0	23415.0	447.0
2020-01-08T22:15:00.397	23410.0	23405.0	184.0	23410.0	980.0
2020-01-08T22:14:57.610	23400.0	23400.0	586.0
2020-01-08T22:14:49.247	23390.0	23390.0	1345.0	23395.0	41.0
2020-01-08T22:13:03.007	23380.0	23380.0	690.0	23385.0	349.0
2020-01-08T22:11:28.220	23390.0	23385.0	194.0	23390.0	609.0
2020-01-08T22:10:11.685	23380.0	23380.0	189.0	23385.0	76.0
2020-01-08T22:07:49.146	23390.0	23385.0	528.0	23390.0	795.0
2020-01-08T22:07:13.482	23400.0	23395.0	102.0	23400.0	287.0
2020-01-08T22:03:39.776	23390.0	23390.0	842.0	23395.0	926.0
2020-01-08T22:00:42.967	23400.0	23395.0	1135.0	23400.0	1121.0
2020-01-08T22:00:12.983	23410.0	23405.0	99.0	23410.0	301.0
2020-01-08T21:56:49.385	23405.0	23400.0	1647.0	23405.0	2380.0
2020-01-08T21:56:06.948	23415.0	23410.0	643.0	23415.0	440.0
2020-01-08T21:55:31.297	23410.0	23405.0	350.0	23410.0	792.0
2020-01-08T21:55:21.590	23415.0	23415.0	4172.0	23420.0	235.0
2020-01-08T21:55:18.776	23400.0	23400.0	629.0
2020-01-08T21:53:51.495	23395.0	23390.0	233.0	23395.0	996.0
2020-01-08T21:52:37.911	23390.0	23385.0	118.0	23390.0	717.0
2020-01-08T21:49:10.512	23385.0	23380.0	591.0	23385.0	1904.0
2020-01-08T21:46:02.409	23375.0	23375.0	1485.0	23380.0	969.0
2020-01-08T21:44:54.312	23370.0	23365.0	241.0	23370.0	424.0
2020-01-08T21:42:29.069	23360.0	23360.0	403.0	23365.0	418.0
2020-01-08T21:40:39.269	23370.0	23365.0	457.0	23370.0	440.0
2020-01-08T21:32:20.436	23365.0	23360.0	673.0	23365.0	1042.0
2020-01-08T21:31:35.925	23360.0	23355.0	76.0	23360.0	554.0
2020-01-08T21:30:35.807	23350.0	23350.0	393.0	23355.0	723.0
2020-01-08T21:28:12.549	23355.0	23355.0	789.0	23360.0	940.0
2020-01-08T21:27:35.822	23365.0	23360.0	25.0	23365.0	628.0
2020-01-08T21:26:31.956	23355.0	23355.0	140.0	23360.0	105.0
2020-01-08T21:25:24.422	23365.0	23360.0	142.0	23365.0	687.0
2020-01-08T21:24:17.349	23360.0	23355.0	58.0	23360.0	657.0
2020-01-08T21:07:37.744	23370.0	23365.0	5195.0	23370.0	2810.0
2020-01-08T21:06:01.213	23380.0	23375.0	548.0	23380.0	437.0
2020-01-08T21:05:42.236	23370.0	23370.0	266.0	23375.0	1656.0
2020-01-08T21:03:18.794	23365.0	23360.0	213.0	23365.0	1378.0
2020-01-08T21:01:57.280	23360.0	23355.0	148.0	23360.0	659.0
2020-01-08T21:01:35.580	23350.0	23350.0	809.0	23355.0	123.0
2020-01-08T20:59:17.411	23360.0	23355.0	1028.0	23360.0	2328.0
2020-01-08T20:58:46.117	23365.0	23365.0	181.0	23370.0	104.0
2020-01-08T20:57:55.493	23370.0	23370.0	772.0	23375.0	254.0
2020-01-08T20:57:06.578	23380.0	23375.0	433.0	23380.0	330.0
2020-01-08T20:56:21.865	23370.0	23370.0	1604.0	23375.0	482.0
2020-01-08T20:52:17.350	23380.0	23375.0	1250.0	23380.0	1185.0
2020-01-08T20:51:21.088	23390.0	23385.0	133.0	23390.0	1703.0
2020-01-08T20:50:03.431	23385.0	23380.0	179.0	23385.0	409.0
2020-01-08T20:46:15.615	23380.0	23375.0	650.0	23380.0	1706.0
2020-01-08T20:43:52.224	23375.0	23370.0	282.0	23375.0	286.0
2020-01-08T20:41:47.761	23365.0	23365.0	356.0	23370.0	507.0
2020-01-08T20:40:18.410	23375.0	23370.0	199.0	23375.0	490.0
2020-01-08T20:39:44.290	23365.0	23365.0	630.0	23370.0	254.0
2020-01-08T20:38:29.424	23375.0	23370.0	424.0	23375.0	875.0
2020-01-08T20:37:45.549	23385.0	23380.0	522.0	23385.0	685.0
2020-01-08T20:36:44.904	23370.0	23370.0	751.0	23375.0	332.0
2020-01-08T20:34:53.998	23375.0	23375.0	143.0	23380.0	906.0
2020-01-08T20:33:46.128	23380.0	23380.0	1976.0	23385.0	126.0
2020-01-08T20:32:23.499	23375.0	23370.0	421.0	23375.0	435.0
2020-01-08T20:29:41.761	23365.0	23365.0	727.0	23370.0	1185.0
2020-01-08T20:28:58.145	23370.0	23370.0	123.0	23375.0	695.0
2020-01-08T20:28:26.742	23375.0	23375.0	1765.0	23380.0	794.0
2020-01-08T20:28:04.943	23365.0	23365.0	288.0	23370.0	753.0
2020-01-08T20:27:33.825	23360.0	23355.0	58.0	23360.0	1254.0
2020-01-08T20:26:38.093	23350.0	23350.0	505.0	23355.0	144.0
2020-01-08T20:24:10.090	23345.0	23340.0	49.0	23345.0	1564.0
2020-01-08T20:22:05.121	23350.0	23350.0	1073.0	23355.0	723.0
2020-01-08T20:21:33.798	23360.0	23355.0	178.0	23360.0	231.0
2020-01-08T20:20:55.571	23355.0	23350.0	59.0	23355.0	280.0
2020-01-08T20:20:08.413	23350.0	23345.0	1.0	23350.0	697.0
2020-01-08T20:18:33.844	23345.0	23340.0	402.0	23345.0	758.0
2020-01-08T20:18:14.407	23340.0	23335.0	88.0	23340.0	85.0
2020-01-08T20:17:40.523	23330.0	23330.0	664.0	23335.0	657.0
2020-01-08T20:15:01.695	23340.0	23335.0	801.0	23340.0	1427.0
2020-01-08T20:12:56.834	23330.0	23330.0	925.0	23335.0	197.0
2020-01-08T20:08:19.318	23335.0	23335.0	1122.0	23340.0	274.0
2020-01-08T20:06:04.283	23340.0	23340.0	1232.0	23345.0	373.0
2020-01-08T20:04:42.531	23345.0	23345.0	813.0	23350.0	23.0
2020-01-08T20:00:25.739	23350.0	23350.0	2408.0	23355.0	1484.0
2020-01-08T19:58:57.265	23355.0	23355.0	1822.0	23360.0	87.0
2020-01-08T19:58:12.188	23365.0	23360.0	461.0	23365.0	463.0
2020-01-08T19:57:16.593	23355.0	23355.0	230.0	23360.0	946.0
2020-01-08T19:56:50.738	23365.0	23360.0	579.0	23365.0	339.0
2020-01-08T19:56:30.200	23360.0	23355.0	275.0	23360.0	595.0
2020-01-08T19:56:21.938	23370.0	23365.0	644.0	23370.0	57.0
2020-01-08T19:56:06.819	23360.0	23360.0	1203.0	23365.0	1054.0
2020-01-08T19:56:01.331	23370.0	23365.0	452.0	23370.0	275.0
2020-01-08T19:55:55.705	23360.0	23360.0	1679.0	23365.0	126.0
2020-01-08T19:55:52.885	23350.0	23350.0	286.0	23355.0	1177.0
2020-01-08T19:55:47.333	23340.0	23340.0	726.0	23345.0	119.0
2020-01-08T19:55:26.754	23335.0	23330.0	493.0	23335.0	1128.0
2020-01-08T19:55:09.023	23330.0	23325.0	101.0	23330.0	1534.0
2020-01-08T19:55:06.157	23320.0	23320.0	11.0	23325.0	988.0
2020-01-08T19:54:23.953	23315.0	23310.0	231.0	23315.0	625.0
2020-01-08T19:50:51.719	23305.0	23305.0	730.0	23310.0	1587.0
2020-01-08T19:50:38.151	23315.0	23310.0	22.0	23315.0	581.0
2020-01-08T19:47:10.315	23310.0	23305.0	936.0	23310.0	1190.0
2020-01-08T19:46:44.316	23300.0	23300.0	2096.0	23305.0	285.0
2020-01-08T19:46:06.607	23290.0	23290.0	84.0
2020-01-08T19:44:33.500	23295.0	23295.0	489.0	23300.0	462.0
2020-01-08T19:36:23.667	23290.0	23285.0	583.0	23290.0	1518.0
2020-01-08T19:30:06.774	23300.0	23295.0	1583.0	23300.0	1537.0
2020-01-08T19:28:56.046	23295.0	23290.0	18.0	23295.0	508.0
2020-01-08T19:27:08.907	23290.0	23285.0	200.0	23290.0	383.0
2020-01-08T19:23:45.068	23295.0	23295.0	769.0	23300.0	400.0
2020-01-08T19:22:46.263	23305.0	23300.0	477.0	23305.0	264.0
2020-01-08T19:22:38.025	23295.0	23295.0	217.0	23300.0	68.0
2020-01-08T19:18:46.295	23300.0	23300.0	2348.0	23305.0	2053.0
2020-01-08T19:16:12.433	23290.0	23290.0	1388.0	23295.0	2446.0
2020-01-08T19:15:28.862	23285.0	23280.0	240.0	23285.0	191.0
2020-01-08T19:15:01.795	23275.0	23275.0	594.0	23280.0	762.0
2020-01-08T19:10:28.513	23265.0	23265.0	797.0	23270.0	682.0
2020-01-08T19:09:51.867	23275.0	23270.0	501.0	23275.0	182.0
2020-01-08T19:03:10.177	23265.0	23265.0	903.0	23270.0	521.0
2020-01-08T19:01:27.346	23270.0	23270.0	684.0	23275.0	599.0
2020-01-08T18:58:14.663	23280.0	23275.0	727.0	23280.0	1285.0
2020-01-08T18:56:00.407	23290.0	23285.0	400.0	23290.0	1193.0
2020-01-08T18:54:52.562	23280.0	23280.0	1385.0	23285.0	297.0
2020-01-08T18:53:19.660	23275.0	23270.0	52.0	23275.0	1008.0
2020-01-08T18:51:31.113	23265.0	23265.0	245.0	23270.0	358.0
2020-01-08T18:50:15.691	23255.0	23255.0	891.0	23260.0	492.0
2020-01-08T18:48:43.667	23260.0	23260.0	206.0	23265.0	143.0
2020-01-08T18:48:19.257	23270.0	23265.0	190.0	23270.0	322.0
2020-01-08T18:47:34.442	23260.0	23260.0	123.0	23265.0	92.0
2020-01-08T18:46:18.696	23270.0	23265.0	314.0	23270.0	173.0
2020-01-08T18:45:19.014	23260.0	23260.0	952.0	23265.0	15.0
2020-01-08T18:42:29.720	23265.0	23265.0	842.0	23270.0	1296.0
2020-01-08T18:42:25.565	23275.0	23270.0	2091.0	23275.0	667.0
2020-01-08T18:40:31.845	23265.0	23260.0	298.0	23265.0	682.0
2020-01-08T18:37:22.322	23260.0	23255.0	241.0	23260.0	521.0
2020-01-08T18:35:14.930	23255.0	23250.0	233.0	23255.0	1037.0
2020-01-08T18:33:57.776	23245.0	23245.0	469.0	23250.0	530.0
2020-01-08T18:32:03.252	23255.0	23250.0	486.0	23255.0	958.0
2020-01-08T18:29:04.888	23250.0	23245.0	1245.0	23250.0	777.0
2020-01-08T18:25:36.309	23255.0	23255.0	1569.0	23260.0	341.0
2020-01-08T18:24:26.717	23265.0	23260.0	46.0	23265.0	282.0
2020-01-08T18:15:38.821	23255.0	23255.0	1397.0	23260.0	1550.0
2020-01-08T18:14:37.656	23260.0	23260.0	481.0	23265.0	439.0
2020-01-08T18:11:14.680	23265.0	23265.0	1921.0	23270.0	2398.0
2020-01-08T18:09:06.164	23260.0	23255.0	783.0	23260.0	348.0
2020-01-08T18:05:15.010	23265.0	23265.0	2764.0	23270.0	996.0
2020-01-08T18:03:25.803	23255.0	23255.0	265.0	23260.0	238.0
2020-01-08T18:02:28.895	23260.0	23260.0	606.0	23265.0	481.0
2020-01-08T17:59:43.262	23250.0	23250.0	880.0	23255.0	1141.0
2020-01-08T17:58:21.040	23260.0	23255.0	416.0	23260.0	470.0
2020-01-08T17:57:45.802	23250.0	23250.0	54.0	23255.0	321.0
2020-01-08T17:57:01.956	23260.0	23255.0	469.0	23260.0	267.0
2020-01-08T17:56:05.301	23250.0	23250.0	321.0	23255.0	192.0
2020-01-08T17:55:40.861	23255.0	23255.0	1264.0	23260.0	1367.0
2020-01-08T17:54:50.741	23250.0	23245.0	135.0	23250.0	661.0
2020-01-08T17:53:47.936	23240.0	23240.0	293.0	23245.0	1100.0
2020-01-08T17:52:49.932	23235.0	23230.0	129.0	23235.0	220.0
2020-01-08T17:50:05.071	23225.0	23225.0	254.0	23230.0	240.0
2020-01-08T17:48:55.980	23235.0	23230.0	233.0	23235.0	43.0
2020-01-08T17:47:14.483	23225.0	23225.0	312.0	23230.0	313.0
2020-01-08T17:46:06.511	23235.0	23230.0	213.0	23235.0	249.0
2020-01-08T17:45:22.928	23225.0	23225.0	381.0	23230.0	23.0
2020-01-08T17:43:14.395	23235.0	23230.0	623.0	23235.0	753.0
2020-01-08T17:42:49.927	23240.0	23240.0	164.0	23245.0	63.0
2020-01-08T17:42:37.728	23250.0	23245.0	432.0	23250.0	137.0
2020-01-08T17:41:39.530	23245.0	23240.0	142.0	23245.0	356.0
2020-01-08T17:39:44.236	23235.0	23235.0	219.0	23240.0	321.0
2020-01-08T17:39:15.824	23245.0	23240.0	289.0	23245.0	226.0
2020-01-08T17:38:52.780	23250.0	23250.0	645.0	23255.0	819.0
2020-01-08T17:37:42.331	23245.0	23240.0	344.0	23245.0	916.0
2020-01-08T17:34:59.623	23235.0	23235.0	325.0	23240.0	388.0
2020-01-08T17:33:41.637	23230.0	23225.0	58.0	23230.0	692.0
2020-01-08T17:32:33.860	23240.0	23235.0	1560.0	23240.0	135.0
2020-01-08T17:31:51.823	23230.0	23230.0	396.0	23235.0	370.0
2020-01-08T17:31:32.842	23220.0	23220.0	88.0	23225.0	39.0
2020-01-08T17:31:12.551	23225.0	23225.0	218.0	23230.0	13.0
2020-01-08T17:30:02.250	23230.0	23230.0	712.0	23235.0	249.0
2020-01-08T17:29:45.851	23240.0	23235.0	120.0	23240.0	259.0
2020-01-08T17:29:11.964	23230.0	23230.0	425.0	23235.0	621.0
2020-01-08T17:27:15.304	23220.0	23220.0	498.0	23225.0	548.0
2020-01-08T17:26:48.225	23225.0	23225.0	262.0	23230.0	63.0
2020-01-08T17:26:16.492	23235.0	23230.0	70.0	23235.0	149.0
2020-01-08T17:26:02.885	23225.0	23225.0	616.0	23230.0	225.0
2020-01-08T17:24:36.925	23235.0	23230.0	898.0	23235.0	631.0
2020-01-08T17:23:58.685	23230.0	23225.0	257.0	23230.0	681.0
2020-01-08T17:23:39.742	23235.0	23235.0	102.0	23240.0	55.0
2020-01-08T17:23:27.546	23240.0	23240.0	37.0	23245.0	4.0
2020-01-08T17:22:30.732	23250.0	23245.0	351.0	23250.0	202.0
2020-01-08T17:22:11.785	23240.0	23240.0	16.0	23245.0	272.0
2020-01-08T17:21:20.265	23250.0	23245.0	413.0	23250.0	892.0
2020-01-08T17:20:59.667	23255.0	23255.0	224.0	23260.0	342.0
2020-01-08T17:20:00.927	23250.0	23245.0	533.0	23250.0	352.0
2020-01-08T17:19:44.629	23255.0	23255.0	1033.0	23260.0	190.0
2020-01-08T17:19:36.383	23260.0	23260.0	435.0	23265.0	364.0
2020-01-08T17:19:32.263	23250.0	23250.0	319.0	23255.0	136.0
2020-01-08T17:19:28.138	23260.0	23255.0	614.0	23260.0	898.0
2020-01-08T17:19:22.680	23250.0	23245.0	84.0	23250.0	934.0
2020-01-08T17:18:55.543	23235.0	23235.0	530.0
2020-01-08T17:18:32.474	23225.0	23225.0	592.0	23230.0	112.0
2020-01-08T17:16:45.316	23220.0	23215.0	403.0	23220.0	930.0
2020-01-08T17:15:38.663	23210.0	23210.0	403.0	23215.0	955.0
2020-01-08T17:14:51.110	23215.0	23215.0	315.0	23220.0	372.0
2020-01-08T17:13:34	23225.0	23220.0	924.0	23225.0	816.0
2020-01-08T17:13:16.321	23215.0	23215.0	1248.0	23220.0	418.0
2020-01-08T17:13:00.106	23225.0	23220.0	472.0	23225.0	459.0
2020-01-08T17:11:45.806	23230.0	23230.0	425.0	23235.0	339.0
2020-01-08T17:10:46.150	23240.0	23235.0	239.0	23240.0	908.0
2020-01-08T17:09:59.457	23250.0	23250.0	787.0	23255.0	59.0
2020-01-08T17:09:26.008	23245.0	23240.0	48.0	23245.0	138.0
2020-01-08T17:08:15.076	23240.0	23235.0	275.0	23240.0	803.0
2020-01-08T17:07:48.215	23230.0	23230.0	559.0	23235.0	187.0
2020-01-08T17:07:42.797	23240.0	23235.0	72.0	23240.0	46.0
2020-01-08T17:07:04.341	23230.0	23230.0	314.0	23235.0	714.0
2020-01-08T17:06:49.476	23240.0	23235.0	180.0	23240.0	157.0
2020-01-08T17:06:22.353	23250.0	23245.0	147.0	23250.0	273.0
2020-01-08T17:06:05.958	23245.0	23240.0	241.0	23245.0	616.0
2020-01-08T17:05:45.539	23255.0	23250.0	287.0	23255.0	145.0
2020-01-08T17:04:53.196	23245.0	23245.0	1077.0	23250.0	694.0
2020-01-08T17:04:34.224	23250.0	23250.0	231.0	23255.0	1153.0
2020-01-08T17:04:24.144	23260.0	23255.0	32.0	23260.0	529.0
2020-01-08T17:03:51.466	23255.0	23250.0	478.0	23255.0	617.0
2020-01-08T17:03:41.281	23260.0	23260.0	707.0	23265.0	144.0
2020-01-08T17:03:30.259	23270.0	23265.0	1416.0	23270.0	1042.0
2020-01-08T17:03:27.498	23260.0	23260.0	1438.0	23265.0	414.0
2020-01-08T17:03:26.068	23250.0	23250.0	1254.0
2020-01-08T17:03:19.290	23235.0	23235.0	522.0	23240.0	97.0
2020-01-08T17:03:03.052	23220.0	23220.0	197.0	23225.0	50.0
2020-01-08T17:02:42.131	23230.0	23225.0	750.0	23230.0	413.0
2020-01-08T17:02:31.283	23235.0	23235.0	660.0	23240.0	172.0
2020-01-08T17:02:27.234	23225.0	23225.0	1019.0	23230.0	14.0
2020-01-08T17:01:30.203	23220.0	23215.0	1149.0	23220.0	178.0
2020-01-08T17:00:38.770	23225.0	23225.0	1086.0	23230.0	140.0
2020-01-08T17:00:02.269	23230.0	23230.0	649.0	23235.0	88.0
2020-01-08T16:59:52.783	23240.0	23235.0	68.0	23240.0	460.0
2020-01-08T16:59:20.316	23230.0	23230.0	283.0	23235.0	616.0
2020-01-08T16:57:45.367	23220.0	23220.0	1014.0	23225.0	433.0
2020-01-08T16:54:34.358	23225.0	23225.0	1001.0	23230.0	684.0
2020-01-08T16:54:16.699	23230.0	23230.0	193.0	23235.0	129.0
2020-01-08T16:52:45.291	23240.0	23235.0	164.0	23240.0	214.0
2020-01-08T16:51:35.340	23235.0	23230.0	304.0	23235.0	668.0
2020-01-08T16:47:20.325	23225.0	23225.0	965.0	23230.0	513.0
2020-01-08T16:45:41.724	23230.0	23230.0	1041.0	23235.0	126.0
2020-01-08T16:45:04.558	23235.0	23235.0	313.0	23240.0	30.0
2020-01-08T16:44:52.351	23245.0	23240.0	157.0	23245.0	227.0
2020-01-08T16:43:32.344	23235.0	23235.0	591.0	23240.0	1854.0
2020-01-08T16:43:25.566	23225.0	23225.0	241.0	23230.0	245.0
2020-01-08T16:43:03.978	23235.0	23230.0	401.0	23235.0	143.0
2020-01-08T16:41:05.948	23230.0	23225.0	188.0	23230.0	959.0
2020-01-08T16:40:54.964	23220.0	23220.0	243.0	23225.0	55.0
2020-01-08T16:40:37.117	23225.0	23225.0	184.0	23230.0	22.0
2020-01-08T16:40:22.184	23235.0	23230.0	62.0	23235.0	346.0
2020-01-08T16:39:59.099	23245.0	23240.0	1536.0	23245.0	353.0
2020-01-08T16:39:48.215	23235.0	23235.0	281.0	23240.0	538.0
2020-01-08T16:36:07.172	23225.0	23225.0	1635.0	23230.0	913.0
2020-01-08T16:34:56.884	23230.0	23230.0	274.0	23235.0	540.0
2020-01-08T16:34:23.092	23220.0	23220.0	606.0	23225.0	759.0
2020-01-08T16:32:35.491	23230.0	23225.0	459.0	23230.0	415.0
2020-01-08T16:32:04.190	23225.0	23220.0	173.0	23225.0	393.0
2020-01-08T16:31:18.961	23235.0	23230.0	420.0	23235.0	8536.0
