2019-12-31T05:20:19.572	23450.0	23445.0	253.0	23450.0	2881.0
2019-12-31T05:16:09.685	23440.0	23440.0	833.0	23445.0	315.0
2019-12-31T05:13:47.088	23435.0	23430.0	51.0	23435.0	255.0
2019-12-31T05:08:58.293	23425.0	23425.0	307.0	23430.0	634.0
2019-12-31T05:05:37.871	23435.0	23430.0	501.0	23435.0	198.0
2019-12-31T05:03:59.625	23430.0	23425.0	51.0	23430.0	358.0
2019-12-31T04:57:48.394	23425.0	23420.0	788.0	23425.0	870.0
2019-12-31T04:55:24.785	23435.0	23430.0	152.0	23435.0	330.0
2019-12-31T04:54:43.932	23425.0	23425.0	57.0	23430.0	13.0
2019-12-31T04:46:02.107	23430.0	23430.0	810.0	23435.0	570.0
2019-12-31T04:40:59.079	23440.0	23435.0	52.0	23440.0	741.0
2019-12-31T04:36:44.547	23430.0	23430.0	251.0	23435.0	484.0
2019-12-31T04:31:57.731	23435.0	23435.0	1275.0	23440.0	32.0
2019-12-31T04:30:29.420	23440.0	23440.0	164.0	23445.0	69.0
2019-12-31T04:29:32.792	23450.0	23445.0	222.0	23450.0	199.0
2019-12-31T04:28:37.556	23445.0	23440.0	189.0	23445.0	74.0
2019-12-31T04:27:25.716	23435.0	23435.0	7.0	23440.0	172.0
2019-12-31T04:23:52.656	23440.0	23440.0	1217.0	23445.0	146.0
2019-12-31T04:21:46.873	23445.0	23445.0	614.0	23450.0	42.0
2019-12-31T04:04:45.317	23450.0	23450.0	1123.0	23455.0	836.0
2019-12-31T04:00:38.190	23460.0	23455.0	467.0	23460.0	366.0
2019-12-31T03:59:48.828	23465.0	23465.0	222.0	23470.0	10.0
2019-12-31T03:57:56.400	23475.0	23470.0	182.0	23475.0	119.0
2019-12-31T03:56:31.915	23465.0	23465.0	181.0	23470.0	46.0
2019-12-31T03:53:57.803	23455.0	23455.0	246.0	23460.0	311.0
2019-12-31T03:51:06.855	23465.0	23460.0	193.0	23465.0	416.0
2019-12-31T03:46:53.939	23460.0	23455.0	807.0	23460.0	524.0
2019-12-31T03:28:53.419	23465.0	23465.0	753.0	23470.0	581.0
2019-12-31T03:20:31.532	23470.0	23470.0	909.0	23475.0	741.0
2019-12-31T03:18:01.871	23475.0	23475.0	127.0	23480.0	100.0
2019-12-31T03:12:49.547	23485.0	23480.0	1053.0	23485.0	501.0
2019-12-31T03:09:43.750	23475.0	23475.0	137.0	23480.0	429.0
2019-12-31T03:08:14.470	23480.0	23480.0	70.0	23485.0	4.0
2019-12-31T03:05:54.865	23490.0	23485.0	180.0	23490.0	37.0
2019-12-31T03:03:49.571	23485.0	23480.0	473.0	23485.0	342.0
2019-12-31T03:01:54.835	23495.0	23490.0	225.0	23495.0	126.0
2019-12-31T02:59:44.648	23485.0	23485.0	241.0	23490.0	711.0
2019-12-31T02:59:17.282	23475.0	23475.0	136.0	23480.0	219.0
2019-12-31T02:56:40.903	23485.0	23480.0	30.0	23485.0	483.0
2019-12-31T02:41:45.657	23490.0	23490.0	479.0	23495.0	910.0
2019-12-31T02:34:31.023	23500.0	23495.0	673.0	23500.0	302.0
2019-12-31T02:33:33.245	23490.0	23490.0	208.0	23495.0	95.0
2019-12-31T02:26:00.222	23495.0	23495.0	441.0	23500.0	389.0
2019-12-31T02:22:11.104	23485.0	23485.0	1017.0	23490.0	273.0
2019-12-31T02:18:03.377	23495.0	23490.0	245.0	23495.0	297.0
2019-12-31T02:15:35.925	23505.0	23500.0	519.0	23505.0	1004.0
2019-12-31T02:08:58.732	23500.0	23495.0	921.0	23500.0	955.0
2019-12-31T02:06:09.916	23490.0	23490.0	510.0	23495.0	457.0
2019-12-31T02:01:53.804	23485.0	23480.0	196.0	23485.0	505.0
2019-12-31T01:58:29.170	23475.0	23475.0	262.0	23480.0	187.0
2019-12-31T01:57:04.351	23485.0	23480.0	32.0	23485.0	272.0
2019-12-31T01:52:45.765	23480.0	23475.0	969.0	23480.0	762.0
2019-12-31T01:49:45.760	23470.0	23470.0	676.0	23475.0	1144.0
2019-12-31T01:49:43.032	23480.0	23480.0	323.0
2019-12-31T01:48:23.405	23475.0	23470.0	162.0	23475.0	247.0
2019-12-31T01:45:34.606	23470.0	23465.0	20.0	23470.0	1240.0
2019-12-31T01:43:50.744	23460.0	23460.0	419.0	23465.0	502.0
2019-12-31T01:41:16.534	23450.0	23450.0	272.0	23455.0	199.0
2019-12-31T01:38:13.163	23455.0	23455.0	867.0	23460.0	607.0
2019-12-31T01:35:57.730	23465.0	23460.0	225.0	23465.0	373.0
2019-12-31T01:35:12.544	23460.0	23455.0	197.0	23460.0	273.0
2019-12-31T01:32:27.629	23455.0	23450.0	426.0	23455.0	1397.0
2019-12-31T01:30:45.624	23465.0	23460.0	865.0	23465.0	338.0
2019-12-31T01:30:14.060	23475.0	23470.0	269.0	23475.0	229.0
2019-12-31T01:27:32.879	23470.0	23465.0	16.0	23470.0	913.0
2019-12-31T01:26:43.596	23480.0	23480.0	200.0
2019-12-31T01:25:09.169	23470.0	23470.0	534.0	23475.0	153.0
2019-12-31T01:22:11.599	23480.0	23475.0	379.0	23480.0	894.0
2019-12-31T01:21:17.437	23475.0	23470.0	5.0	23475.0	63.0
2019-12-31T01:20:36.439	23465.0	23465.0	79.0	23470.0	148.0
2019-12-31T01:20:11.798	23475.0	23470.0	22.0	23475.0	36.0
2019-12-31T01:18:36.279	23465.0	23465.0	194.0	23470.0	326.0
2019-12-31T01:16:58.543	23475.0	23470.0	364.0	23475.0	373.0
2019-12-31T01:14:19.918	23470.0	23465.0	109.0	23470.0	812.0
2019-12-31T01:13:16.748	23460.0	23460.0	303.0	23465.0	98.0
2019-12-31T01:12:46.529	23470.0	23465.0	227.0	23470.0	248.0
2019-12-31T01:12:18.054	23460.0	23460.0	454.0	23465.0	70.0
2019-12-31T01:11:25.773	23455.0	23450.0	117.0	23455.0	578.0
2019-12-31T01:07:02.984	23445.0	23445.0	1129.0	23450.0	1201.0
2019-12-31T01:06:00.043	23455.0	23450.0	823.0	23455.0	55.0
2019-12-31T01:04:51.464	23465.0	23460.0	360.0	23465.0	513.0
2019-12-31T01:03:23.832	23455.0	23455.0	116.0	23460.0	402.0
2019-12-31T01:02:03.588	23460.0	23460.0	616.0	23465.0	140.0
2019-12-31T01:00:32.057	23470.0	23465.0	507.0	23470.0	287.0
2019-12-31T00:59:27.174	23480.0	23475.0	644.0	23480.0	492.0
2019-12-31T00:58:30.011	23475.0	23470.0	279.0	23475.0	873.0
2019-12-31T00:57:52.924	23465.0	23465.0	62.0	23470.0	119.0
2019-12-31T00:57:08.193	23460.0	23455.0	110.0	23460.0	270.0
2019-12-31T00:56:50.840	23450.0	23450.0	351.0	23455.0	207.0
2019-12-31T00:56:06.500	23460.0	23455.0	200.0	23460.0	185.0
2019-12-31T00:55:44.630	23470.0	23465.0	219.0	23470.0	419.0
2019-12-31T00:54:24.230	23460.0	23460.0	126.0	23465.0	515.0
2019-12-31T00:51:57.927	23450.0	23450.0	431.0	23455.0	692.0
2019-12-31T00:51:39.350	23445.0	23440.0	310.0	23445.0	483.0
2019-12-31T00:50:47.233	23435.0	23435.0	82.0	23440.0	69.0
2019-12-31T00:48:37.070	23440.0	23440.0	759.0	23445.0	381.0
2019-12-31T00:47:24.334	23445.0	23445.0	530.0	23450.0	101.0
2019-12-31T00:45:37.874	23455.0	23450.0	67.0	23455.0	818.0
2019-12-31T00:44:27.792	23450.0	23445.0	144.0	23450.0	984.0
2019-12-31T00:42:21.823	23460.0	23455.0	356.0	23460.0	1703.0
2019-12-31T00:41:48.479	23455.0	23450.0	79.0	23455.0	292.0
2019-12-31T00:41:17.298	23450.0	23445.0	139.0	23450.0	1181.0
2019-12-31T00:39:11.861	23440.0	23440.0	998.0	23445.0	170.0
2019-12-31T00:35:58.023	23430.0	23430.0	1562.0	23435.0	941.0
2019-12-31T00:35:33.938	23425.0	23420.0	244.0	23425.0	346.0
2019-12-31T00:34:48.431	23420.0	23415.0	40.0	23420.0	661.0
2019-12-31T00:33:53.885	23415.0	23410.0	810.0	23415.0	559.0
2019-12-31T00:33:38.879	23425.0	23420.0	30.0	23425.0	226.0
2019-12-31T00:32:06.237	23420.0	23415.0	756.0	23420.0	561.0
2019-12-31T00:30:25.211	23430.0	23425.0	818.0	23430.0	173.0
2019-12-31T00:30:01.538	23425.0	23420.0	58.0	23425.0	469.0
2019-12-31T00:29:28.191	23430.0	23430.0	183.0	23435.0	339.0
2019-12-31T00:28:49.988	23420.0	23420.0	426.0	23425.0	66.0
2019-12-31T00:28:36.275	23430.0	23425.0	118.0	23430.0	93.0
2019-12-31T00:28:15.759	23425.0	23420.0	53.0	23425.0	599.0
2019-12-31T00:27:52.941	23420.0	23415.0	19.0	23420.0	425.0
2019-12-31T00:27:40.677	23410.0	23410.0	391.0	23415.0	70.0
2019-12-31T00:26:06.237	23415.0	23415.0	629.0	23420.0	729.0
2019-12-31T00:24:51.869	23420.0	23420.0	1271.0	23425.0	424.0
2019-12-31T00:24:14.942	23425.0	23425.0	526.0	23430.0	321.0
2019-12-31T00:23:10.454	23435.0	23430.0	1109.0	23435.0	634.0
2019-12-31T00:22:10.542	23445.0	23440.0	839.0	23445.0	467.0
2019-12-31T00:20:45.285	23455.0	23450.0	353.0	23455.0	756.0
2019-12-31T00:20:26.054	23445.0	23445.0	479.0	23450.0	662.0
2019-12-31T00:19:36.582	23440.0	23435.0	411.0	23440.0	252.0
2019-12-31T00:19:03.537	23430.0	23430.0	155.0	23435.0	203.0
2019-12-31T00:17:54.961	23435.0	23435.0	988.0	23440.0	409.0
2019-12-31T00:17:42.682	23445.0	23440.0	138.0	23445.0	497.0
2019-12-31T00:16:05.525	23450.0	23450.0	1210.0	23455.0	1261.0
2019-12-31T00:15:40.164	23440.0	23440.0	147.0	23445.0	825.0
2019-12-31T00:15:25.128	23430.0	23430.0	269.0	23435.0	310.0
2019-12-31T00:14:33.553	23435.0	23435.0	808.0	23440.0	569.0
2019-12-31T00:14:12.556	23445.0	23440.0	111.0	23445.0	345.0
2019-12-31T00:13:55.672	23435.0	23435.0	203.0	23440.0	305.0
2019-12-31T00:13:43.278	23440.0	23440.0	189.0	23445.0	223.0
2019-12-31T00:13:25.318	23450.0	23445.0	651.0	23450.0	44.0
2019-12-31T00:13:16.887	23445.0	23440.0	196.0	23445.0	3318.0
2019-12-31T00:13:01.824	23460.0	23460.0	104.0
2019-12-31T00:12:48.135	23470.0	23465.0	266.0	23470.0	50.0
2019-12-31T00:12:31.599	23460.0	23460.0	491.0	23465.0	186.0
2019-12-31T00:12:05.891	23465.0	23465.0	808.0	23470.0	27.0
2019-12-31T00:11:43.998	23470.0	23470.0	156.0	23475.0	122.0
2019-12-31T00:11:33.048	23475.0	23475.0	144.0	23480.0	18.0
2019-12-31T00:11:27.522	23485.0	23480.0	155.0	23485.0	93.0
2019-12-31T00:11:17.973	23475.0	23475.0	57.0	23480.0	364.0
2019-12-31T00:10:50.429	23465.0	23465.0	652.0	23470.0	532.0
2019-12-31T00:10:09.316	23475.0	23470.0	619.0	23475.0	1258.0
2019-12-31T00:10:02.413	23485.0	23480.0	359.0	23485.0	245.0
2019-12-31T00:08:51.314	23490.0	23490.0	455.0	23495.0	147.0
2019-12-31T00:08:41.799	23495.0	23495.0	77.0	23500.0	117.0
2019-12-31T00:07:52.518	23500.0	23500.0	621.0	23505.0	177.0
2019-12-31T00:07:25.166	23490.0	23490.0	139.0	23495.0	268.0
2019-12-31T00:06:05.404	23500.0	23495.0	50.0	23500.0	411.0
2019-12-31T00:05:21.384	23495.0	23490.0	23.0	23495.0	682.0
2019-12-31T00:04:51.262	23490.0	23485.0	67.0	23490.0	133.0
2019-12-31T00:04:33.542	23480.0	23480.0	427.0	23485.0	332.0
2019-12-31T00:03:26.394	23490.0	23485.0	260.0	23490.0	489.0
2019-12-31T00:03:14.428	23480.0	23480.0	177.0	23485.0	267.0
2019-12-31T00:02:55.359	23490.0	23485.0	488.0	23490.0	123.0
2019-12-31T00:02:48.125	23500.0	23495.0	62.0	23500.0	29.0
2019-12-31T00:02:38.640	23490.0	23490.0	77.0	23495.0	108.0
2019-12-31T00:02:30.478	23500.0	23495.0	107.0	23500.0	60.0
2019-12-31T00:02:15.489	23490.0	23490.0	55.0	23495.0	140.0
2019-12-31T00:02:07.224	23500.0	23495.0	192.0	23500.0	163.0
2019-12-31T00:01:32.535	23490.0	23490.0	175.0	23495.0	201.0
2019-12-31T00:01:11.986	23495.0	23495.0	610.0	23500.0	193.0
2019-12-31T00:00:30.724	23500.0	23500.0	691.0	23505.0	213.0
2019-12-31T00:00:19.735	23505.0	23505.0	619.0	23510.0	114.0
2019-12-30T23:59:56.758	23495.0	23495.0	419.0	23500.0	378.0
2019-12-30T23:59:06.940	23485.0	23485.0	1232.0	23490.0	386.0
2019-12-30T23:58:50.963	23495.0	23490.0	586.0	23495.0	250.0
2019-12-30T23:57:41.160	23500.0	23500.0	520.0	23505.0	359.0
2019-12-30T23:57:24.402	23510.0	23505.0	161.0	23510.0	270.0
2019-12-30T23:56:53.863	23500.0	23500.0	868.0	23505.0	40.0
2019-12-30T23:56:20.411	23505.0	23505.0	160.0	23510.0	214.0
2019-12-30T23:55:41.473	23515.0	23510.0	709.0	23515.0	220.0
2019-12-30T23:54:35.173	23525.0	23520.0	639.0	23525.0	377.0
2019-12-30T23:53:31.124	23515.0	23515.0	888.0	23520.0	286.0
2019-12-30T23:53:03.717	23510.0	23505.0	70.0	23510.0	168.0
2019-12-30T23:52:02.044	23505.0	23500.0	360.0	23505.0	1016.0
2019-12-30T23:50:39.152	23515.0	23510.0	1183.0	23515.0	405.0
2019-12-30T23:50:17.133	23505.0	23505.0	342.0	23510.0	185.0
2019-12-30T23:49:41	23495.0	23495.0	977.0	23500.0	636.0
2019-12-30T23:49:31.262	23505.0	23500.0	356.0	23505.0	235.0
2019-12-30T23:48:54.294	23515.0	23510.0	305.0	23515.0	201.0
2019-12-30T23:48:47.457	23520.0	23520.0	85.0	23525.0	350.0
2019-12-30T23:48:19.887	23510.0	23510.0	451.0	23515.0	179.0
2019-12-30T23:47:42.374	23520.0	23515.0	80.0	23520.0	374.0
2019-12-30T23:47:21.790	23530.0	23525.0	36.0	23530.0	79.0
2019-12-30T23:46:39.742	23520.0	23520.0	28.0	23525.0	552.0
2019-12-30T23:45:55.039	23525.0	23525.0	1248.0	23530.0	536.0
2019-12-30T23:45:34.656	23535.0	23530.0	443.0	23535.0	154.0
2019-12-30T23:45:20.909	23525.0	23525.0	427.0	23530.0	418.0
2019-12-30T23:45:12.598	23515.0	23515.0	1707.0	23520.0	219.0
2019-12-30T23:44:57.336	23510.0	23505.0	186.0	23510.0	273.0
2019-12-30T23:44:42.313	23500.0	23500.0	84.0	23505.0	287.0
2019-12-30T23:43:29.305	23505.0	23505.0	2940.0	23510.0	766.0
2019-12-30T23:42:54.824	23510.0	23510.0	999.0	23515.0	342.0
2019-12-30T23:42:49.270	23520.0	23515.0	105.0	23520.0	449.0
2019-12-30T23:42:28.813	23525.0	23525.0	287.0	23530.0	53.0
2019-12-30T23:40:14.315	23530.0	23530.0	1297.0	23535.0	854.0
2019-12-30T23:39:25.845	23525.0	23520.0	958.0	23525.0	831.0
2019-12-30T23:39:01.078	23515.0	23515.0	441.0	23520.0	130.0
2019-12-30T23:38:21.346	23525.0	23520.0	373.0	23525.0	603.0
2019-12-30T23:37:52.720	23535.0	23530.0	411.0	23535.0	133.0
2019-12-30T23:37:47.138	23525.0	23525.0	55.0	23530.0	146.0
2019-12-30T23:37:16.919	23535.0	23530.0	579.0	23535.0	626.0
2019-12-30T23:36:53.409	23530.0	23525.0	206.0	23530.0	701.0
2019-12-30T23:36:40.943	23540.0	23535.0	882.0	23540.0	277.0
2019-12-30T23:36:28.435	23550.0	23545.0	845.0	23550.0	789.0
2019-12-30T23:36:12.813	23560.0	23555.0	468.0	23560.0	269.0
2019-12-30T23:35:57.738	23570.0	23565.0	137.0	23570.0	139.0
2019-12-30T23:35:53.669	23560.0	23560.0	212.0	23565.0	27.0
2019-12-30T23:35:42.687	23570.0	23565.0	171.0	23570.0	652.0
2019-12-30T23:35:01.299	23580.0	23575.0	770.0	23580.0	859.0
2019-12-30T23:34:48.816	23590.0	23585.0	1424.0	23590.0	271.0
2019-12-30T23:34:41.974	23600.0	23595.0	132.0	23600.0	1364.0
2019-12-30T23:34:32.346	23605.0	23605.0	185.0	23610.0	149.0
2019-12-30T23:34:26.766	23615.0	23610.0	321.0	23615.0	295.0
2019-12-30T23:34:08.401	23605.0	23605.0	704.0	23610.0	395.0
2019-12-30T23:33:39.036	23615.0	23610.0	316.0	23615.0	307.0
2019-12-30T23:32:49.379	23620.0	23620.0	273.0	23625.0	168.0
2019-12-30T23:32:12.533	23630.0	23625.0	73.0	23630.0	324.0
2019-12-30T23:31:34.721	23635.0	23635.0	411.0	23640.0	217.0
2019-12-30T23:30:14.108	23630.0	23625.0	930.0	23630.0	745.0
2019-12-30T23:27:03.189	23640.0	23635.0	783.0	23640.0	494.0
2019-12-30T23:19:26.798	23650.0	23645.0	351.0	23650.0	136.0
2019-12-30T23:14:08.896	23640.0	23640.0	502.0	23645.0	330.0
2019-12-30T23:10:34.384	23650.0	23645.0	391.0	23650.0	164.0
2019-12-30T23:07:21.473	23640.0	23640.0	85.0	23645.0	327.0
2019-12-30T23:05:59.348	23650.0	23645.0	376.0	23650.0	13.0
2019-12-30T23:03:17.070	23640.0	23640.0	674.0	23645.0	288.0
2019-12-30T23:00:44.540	23645.0	23645.0	584.0	23650.0	139.0
2019-12-30T22:36:58.329	23655.0	23650.0	1646.0	23655.0	1312.0
2019-12-30T22:26:06.830	23650.0	23645.0	897.0	23650.0	1588.0
2019-12-30T22:24:17.823	23645.0	23640.0	89.0	23645.0	1499.0
2019-12-30T22:11:07.580	23640.0	23635.0	417.0	23640.0	1108.0
2019-12-30T22:02:36.183	23635.0	23630.0	440.0	23635.0	903.0
2019-12-30T21:59:35.243	23625.0	23625.0	300.0	23630.0	569.0
2019-12-30T21:05:48.483	23635.0	23630.0	2533.0	23635.0	1311.0
2019-12-30T20:53:25.035	23630.0	23625.0	449.0	23630.0	1381.0
2019-12-30T20:39:49.049	23625.0	23620.0	506.0	23625.0	212.0
2019-12-30T20:30:51.799	23620.0	23615.0	328.0	23620.0	1226.0
2019-12-30T20:29:00.360	23610.0	23610.0	433.0	23615.0	131.0
2019-12-30T20:25:23.388	23620.0	23615.0	182.0	23620.0	764.0
2019-12-30T20:23:46.560	23610.0	23610.0	152.0	23615.0	215.0
2019-12-30T20:19:03.439	23620.0	23615.0	414.0	23620.0	593.0
2019-12-30T20:16:47.788	23610.0	23610.0	664.0	23615.0	561.0
2019-12-30T20:16:44.938	23620.0	23615.0	594.0	23620.0	523.0
2019-12-30T20:12:11.029	23625.0	23625.0	390.0	23630.0	578.0
2019-12-30T20:07:47.256	23635.0	23630.0	167.0	23635.0	687.0
2019-12-30T20:03:24.872	23625.0	23625.0	835.0	23630.0	458.0
2019-12-30T20:01:07.819	23635.0	23630.0	514.0	23635.0	263.0
2019-12-30T19:58:53.775	23640.0	23640.0	786.0	23645.0	146.0
2019-12-30T19:50:08.701	23650.0	23645.0	299.0	23650.0	360.0
2019-12-30T19:46:10.317	23645.0	23640.0	172.0	23645.0	877.0
2019-12-30T19:37:53.064	23640.0	23635.0	97.0	23640.0	401.0
2019-12-30T19:36:07.294	23635.0	23630.0	115.0	23635.0	1240.0
2019-12-30T19:31:34.033	23640.0	23640.0	183.0	23645.0	364.0
2019-12-30T19:24:28.383	23650.0	23645.0	177.0	23650.0	498.0
2019-12-30T19:14:42.285	23640.0	23640.0	1277.0	23645.0	318.0
2019-12-30T19:00:57.229	23645.0	23645.0	371.0	23650.0	687.0
2019-12-30T18:50:25.214	23650.0	23650.0	1254.0	23655.0	333.0
2019-12-30T18:34:46.424	23660.0	23655.0	616.0	23660.0	1088.0
2019-12-30T18:25:52.705	23650.0	23650.0	646.0	23655.0	1243.0
2019-12-30T18:22:14.774	23660.0	23655.0	522.0	23660.0	455.0
2019-12-30T18:15:54.985	23650.0	23650.0	649.0	23655.0	273.0
2019-12-30T18:13:52.975	23640.0	23640.0	816.0	23645.0	589.0
2019-12-30T18:12:33.669	23650.0	23645.0	117.0	23650.0	842.0
2019-12-30T17:57:41.925	23655.0	23655.0	940.0	23660.0	1230.0
2019-12-30T17:55:45.893	23660.0	23660.0	144.0	23665.0	915.0
2019-12-30T17:45:35.113	23655.0	23650.0	810.0	23655.0	1286.0
2019-12-30T17:41:46.619	23650.0	23645.0	152.0	23650.0	601.0
2019-12-30T17:39:49.179	23640.0	23640.0	355.0	23645.0	316.0
2019-12-30T17:37:17.879	23650.0	23645.0	267.0	23650.0	409.0
2019-12-30T17:30:51.941	23660.0	23655.0	252.0	23660.0	672.0
2019-12-30T17:22:28.627	23655.0	23650.0	279.0	23655.0	592.0
2019-12-30T17:18:27.910	23650.0	23645.0	52.0	23650.0	576.0
2019-12-30T17:13:34.235	23640.0	23640.0	707.0	23645.0	575.0
2019-12-30T17:10:35.963	23650.0	23645.0	113.0	23650.0	414.0
2019-12-30T17:10:20.880	23640.0	23640.0	935.0	23645.0	60.0
2019-12-30T17:09:27.098	23650.0	23645.0	2.0	23650.0	895.0
2019-12-30T17:00:49.051	23660.0	23655.0	1249.0	23660.0	2977.0
2019-12-30T16:59:43.218	23655.0	23650.0	279.0	23655.0	969.0
2019-12-30T16:55:58.462	23645.0	23645.0	633.0	23650.0	922.0
2019-12-30T16:50:22.429	23635.0	23635.0	165.0	23640.0	472.0
2019-12-30T16:34:14.362	23645.0	23640.0	1337.0	23645.0	992.0
2019-12-30T16:31:25.348	23635.0	23635.0	247.0	23640.0	583.0
2019-12-30T16:30:32.120	23645.0	23640.0	459.0	23645.0	221.0
2019-12-30T16:30:17.917	23635.0	23635.0	1986.0	23640.0	224.0
